F QX QY 
2.204000E+3	8.550000E-6	9.300000E-7
2.204000E+3	3.300000E-7	3.000000E-8
2.204000E+3	0.000000E+0	-0.000000E+0
2.204000E+3	8.000000E-8	0.000000E+0
2.204000E+3	8.000000E-8	-8.000000E-8
2.204000E+3	3.000000E-8	0.000000E+0
2.204000E+3	5.000000E-8	-3.000000E-8
2.204000E+3	3.000000E-8	-3.000000E-8
2.204000E+3	5.000000E-8	-3.000000E-8
2.204000E+3	5.000000E-8	0.000000E+0
2.204000E+3	0.000000E+0	-3.000000E-8
2.204000E+3	8.000000E-8	-5.000000E-8
2.204000E+3	5.000000E-8	-3.000000E-8
2.204000E+3	5.000000E-8	-3.000000E-8
2.204000E+3	5.000000E-8	-5.000000E-8
2.204000E+3	3.000000E-8	-8.000000E-8
2.204000E+3	5.000000E-8	-8.000000E-8
2.204000E+3	5.000000E-8	-3.000000E-8
2.204000E+3	5.000000E-8	-0.000000E+0
2.204000E+3	5.000000E-8	-3.000000E-8
2.208000E+3	5.000000E-8	0.000000E+0
2.208000E+3	5.000000E-8	0.000000E+0
2.208000E+3	8.000000E-8	-8.000000E-8
2.208000E+3	1.300000E-7	-3.000000E-8
2.208000E+3	8.000000E-8	-3.000000E-8
2.208000E+3	8.000000E-8	0.000000E+0
2.208000E+3	5.000000E-8	-3.000000E-8
2.208000E+3	8.000000E-8	-3.000000E-8
2.208000E+3	5.000000E-8	-3.000000E-8
2.208000E+3	5.000000E-8	-3.000000E-8
2.208000E+3	8.000000E-8	-3.000000E-8
2.208000E+3	5.000000E-8	-0.000000E+0
2.208000E+3	8.000000E-8	-0.000000E+0
2.208000E+3	5.000000E-8	-3.000000E-8
2.208000E+3	5.000000E-8	-3.000000E-8
2.208000E+3	5.000000E-8	0.000000E+0
2.208000E+3	8.000000E-8	0.000000E+0
2.208000E+3	5.000000E-8	-0.000000E+0
2.208000E+3	3.000000E-8	0.000000E+0
2.208000E+3	5.000000E-8	-3.000000E-8
2.212000E+3	5.000000E-8	-3.000000E-8
2.212000E+3	5.000000E-8	-3.000000E-8
2.212000E+3	5.000000E-8	-5.000000E-8
2.212000E+3	8.000000E-8	-3.000000E-8
2.212000E+3	5.000000E-8	0.000000E+0
2.212000E+3	8.000000E-8	0.000000E+0
2.212000E+3	8.000000E-8	-3.000000E-8
2.212000E+3	5.000000E-8	-0.000000E+0
2.212000E+3	5.000000E-8	-5.000000E-8
2.212000E+3	3.000000E-8	-3.000000E-8
2.212000E+3	5.000000E-8	0.000000E+0
2.212000E+3	5.000000E-8	-5.000000E-8
2.212000E+3	5.000000E-8	-0.000000E+0
2.212000E+3	8.000000E-8	-3.000000E-8
2.212000E+3	3.000000E-8	-5.000000E-8
2.212000E+3	5.000000E-8	0.000000E+0
2.212000E+3	5.000000E-8	-3.000000E-8
2.212000E+3	5.000000E-8	-3.000000E-8
2.212000E+3	3.000000E-8	-3.000000E-8
2.212000E+3	3.000000E-8	0.000000E+0
2.216000E+3	8.000000E-8	0.000000E+0
2.216000E+3	8.000000E-8	0.000000E+0
2.216000E+3	5.000000E-8	-3.000000E-8
2.216000E+3	3.000000E-8	-5.000000E-8
2.216000E+3	8.000000E-8	-3.000000E-8
2.216000E+3	5.000000E-8	-3.000000E-8
2.216000E+3	5.000000E-8	-3.000000E-8
2.216000E+3	8.000000E-8	-3.000000E-8
2.216000E+3	5.000000E-8	-3.000000E-8
2.216000E+3	8.000000E-8	-3.000000E-8
2.216000E+3	5.000000E-8	0.000000E+0
2.216000E+3	5.000000E-8	-3.000000E-8
2.216000E+3	5.000000E-8	0.000000E+0
2.216000E+3	8.000000E-8	-3.000000E-8
2.216000E+3	8.000000E-8	-3.000000E-8
2.216000E+3	8.000000E-8	-5.000000E-8
2.216000E+3	5.000000E-8	-3.000000E-8
2.216000E+3	5.000000E-8	0.000000E+0
2.216000E+3	8.000000E-8	-0.000000E+0
2.216000E+3	8.000000E-8	-3.000000E-8
2.220000E+3	5.000000E-8	-0.000000E+0
2.220000E+3	5.000000E-8	-0.000000E+0
2.220000E+3	8.000000E-8	0.000000E+0
2.220000E+3	8.000000E-8	-5.000000E-8
2.220000E+3	5.000000E-8	-3.000000E-8
2.220000E+3	1.300000E-7	-3.000000E-8
2.220000E+3	8.000000E-8	-5.000000E-8
2.220000E+3	1.300000E-7	-5.000000E-8
2.220000E+3	1.300000E-7	-5.000000E-8
2.220000E+3	1.300000E-7	-0.000000E+0
2.220000E+3	8.000000E-8	-3.000000E-8
2.220000E+3	8.000000E-8	0.000000E+0
2.220000E+3	5.000000E-8	-3.000000E-8
2.220000E+3	8.000000E-8	0.000000E+0
2.220000E+3	5.000000E-8	-3.000000E-8
2.220000E+3	8.000000E-8	-3.000000E-8
2.220000E+3	5.000000E-8	-3.000000E-8
2.220000E+3	5.000000E-8	-3.000000E-8
2.220000E+3	5.000000E-8	-0.000000E+0
2.220000E+3	5.000000E-8	0.000000E+0
2.224000E+3	5.000000E-8	-8.000000E-8
2.224000E+3	5.000000E-8	-5.000000E-8
2.224000E+3	0.000000E+0	0.000000E+0
2.224000E+3	3.000000E-8	-3.000000E-8
2.224000E+3	5.000000E-8	-8.000000E-8
2.224000E+3	0.000000E+0	3.000000E-8
2.224000E+3	0.000000E+0	0.000000E+0
2.224000E+3	-8.000000E-8	-0.000000E+0
2.224000E+3	-8.000000E-8	-3.000000E-8
2.224000E+3	-1.300000E-7	-8.000000E-8
2.224000E+3	1.500000E-7	3.000000E-8
2.224000E+3	0.000000E+0	-5.000000E-8
2.224000E+3	1.300000E-7	3.000000E-8
2.224000E+3	0.000000E+0	-5.000000E-8
2.224000E+3	8.000000E-8	-8.000000E-8
2.224000E+3	8.000000E-8	-8.000000E-8
2.224000E+3	1.300000E-7	-8.000000E-8
2.224000E+3	1.300000E-7	-1.500000E-7
2.224000E+3	-8.000000E-8	-3.000000E-8
2.224000E+3	5.000000E-8	5.000000E-8
2.228000E+3	1.300000E-7	0.000000E+0
2.228000E+3	8.000000E-8	-3.000000E-8
2.228000E+3	5.000000E-8	-0.000000E+0
2.228000E+3	5.000000E-8	-3.000000E-8
2.228000E+3	5.000000E-8	-3.000000E-8
2.228000E+3	3.000000E-8	-5.000000E-8
2.228000E+3	8.000000E-8	-5.000000E-8
2.228000E+3	8.000000E-8	-5.000000E-8
2.228000E+3	8.000000E-8	-5.000000E-8
2.228000E+3	5.000000E-8	0.000000E+0
2.228000E+3	8.000000E-8	0.000000E+0
2.228000E+3	8.000000E-8	-3.000000E-8
2.228000E+3	5.000000E-8	0.000000E+0
2.228000E+3	8.000000E-8	-5.000000E-8
2.228000E+3	8.000000E-8	0.000000E+0
2.228000E+3	3.000000E-8	-3.000000E-8
2.228000E+3	8.000000E-8	-0.000000E+0
2.228000E+3	8.000000E-8	-8.000000E-8
2.228000E+3	5.000000E-8	-3.000000E-8
2.228000E+3	8.000000E-8	0.000000E+0
2.232000E+3	8.000000E-8	-5.000000E-8
2.232000E+3	8.000000E-8	-0.000000E+0
2.232000E+3	5.000000E-8	-3.000000E-8
2.232000E+3	5.000000E-8	-3.000000E-8
2.232000E+3	5.000000E-8	-0.000000E+0
2.232000E+3	8.000000E-8	-3.000000E-8
2.232000E+3	3.000000E-8	-3.000000E-8
2.232000E+3	5.000000E-8	-3.000000E-8
2.232000E+3	8.000000E-8	-5.000000E-8
2.232000E+3	8.000000E-8	-3.000000E-8
2.232000E+3	5.000000E-8	-3.000000E-8
2.232000E+3	8.000000E-8	-3.000000E-8
2.232000E+3	8.000000E-8	-0.000000E+0
2.232000E+3	5.000000E-8	-3.000000E-8
2.232000E+3	8.000000E-8	-8.000000E-8
2.232000E+3	8.000000E-8	-0.000000E+0
2.232000E+3	5.000000E-8	0.000000E+0
2.232000E+3	5.000000E-8	-0.000000E+0
2.232000E+3	5.000000E-8	-0.000000E+0
2.232000E+3	3.000000E-8	-0.000000E+0
2.236000E+3	5.000000E-8	-0.000000E+0
2.236000E+3	5.000000E-8	-3.000000E-8
2.236000E+3	5.000000E-8	-0.000000E+0
2.236000E+3	3.000000E-8	-3.000000E-8
2.236000E+3	8.000000E-8	-0.000000E+0
2.236000E+3	8.000000E-8	0.000000E+0
2.236000E+3	3.000000E-8	-3.000000E-8
2.236000E+3	5.000000E-8	0.000000E+0
2.236000E+3	8.000000E-8	0.000000E+0
2.236000E+3	8.000000E-8	-3.000000E-8
2.236000E+3	8.000000E-8	-0.000000E+0
2.236000E+3	8.000000E-8	-3.000000E-8
2.236000E+3	5.000000E-8	-0.000000E+0
2.236000E+3	5.000000E-8	-3.000000E-8
2.236000E+3	5.000000E-8	-3.000000E-8
2.236000E+3	5.000000E-8	-3.000000E-8
2.236000E+3	5.000000E-8	-3.000000E-8
2.236000E+3	8.000000E-8	-3.000000E-8
2.236000E+3	5.000000E-8	-0.000000E+0
2.236000E+3	8.000000E-8	0.000000E+0
2.240000E+3	5.000000E-8	-0.000000E+0
2.240000E+3	8.000000E-8	0.000000E+0
2.240000E+3	8.000000E-8	-3.000000E-8
2.240000E+3	5.000000E-8	-3.000000E-8
2.240000E+3	8.000000E-8	-0.000000E+0
2.240000E+3	8.000000E-8	0.000000E+0
2.240000E+3	5.000000E-8	-3.000000E-8
2.240000E+3	8.000000E-8	-5.000000E-8
2.240000E+3	8.000000E-8	-3.000000E-8
2.240000E+3	5.000000E-8	0.000000E+0
2.240000E+3	8.000000E-8	0.000000E+0
2.240000E+3	8.000000E-8	-3.000000E-8
2.240000E+3	1.300000E-7	-3.000000E-8
2.240000E+3	8.000000E-8	0.000000E+0
2.240000E+3	8.000000E-8	-3.000000E-8
2.240000E+3	1.300000E-7	-0.000000E+0
2.240000E+3	8.000000E-8	0.000000E+0
2.240000E+3	1.300000E-7	-0.000000E+0
2.240000E+3	8.000000E-8	-3.000000E-8
2.240000E+3	5.000000E-8	-8.000000E-8
2.244000E+3	5.000000E-8	0.000000E+0
2.244000E+3	8.000000E-8	-3.000000E-8
2.244000E+3	8.000000E-8	-3.000000E-8
2.244000E+3	1.300000E-7	0.000000E+0
2.244000E+3	8.000000E-8	0.000000E+0
2.244000E+3	8.000000E-8	-5.000000E-8
2.244000E+3	8.000000E-8	-0.000000E+0
2.244000E+3	1.300000E-7	0.000000E+0
2.244000E+3	1.300000E-7	-3.000000E-8
2.244000E+3	8.000000E-8	-5.000000E-8
2.244000E+3	8.000000E-8	-8.000000E-8
2.244000E+3	5.000000E-8	0.000000E+0
2.244000E+3	1.300000E-7	-3.000000E-8
2.244000E+3	8.000000E-8	-5.000000E-8
2.244000E+3	1.300000E-7	-0.000000E+0
2.244000E+3	5.000000E-8	0.000000E+0
2.244000E+3	8.000000E-8	-0.000000E+0
2.244000E+3	8.000000E-8	-5.000000E-8
2.244000E+3	8.000000E-8	-3.000000E-8
2.244000E+3	8.000000E-8	0.000000E+0
2.248000E+3	-1.800000E-7	5.000000E-8
2.248000E+3	3.000000E-8	1.800000E-7
2.248000E+3	3.800000E-7	-2.000000E-7
2.248000E+3	5.000000E-8	-1.800000E-7
2.248000E+3	-1.800000E-7	1.500000E-7
2.248000E+3	2.000000E-7	-0.000000E+0
2.248000E+3	1.800000E-7	-8.000000E-8
2.248000E+3	5.000000E-8	3.000000E-8
2.248000E+3	3.000000E-8	-5.000000E-8
2.248000E+3	-1.300000E-7	1.300000E-7
2.248000E+3	1.500000E-7	5.000000E-8
2.248000E+3	3.800000E-7	-3.300000E-7
2.248000E+3	-1.300000E-7	-8.000000E-8
2.248000E+3	-2.000000E-7	2.800000E-7
2.248000E+3	3.000000E-7	-8.000000E-8
2.248000E+3	1.800000E-7	-2.500000E-7
2.248000E+3	-2.000000E-7	1.800000E-7
2.248000E+3	1.500000E-7	0.000000E+0
2.248000E+3	2.500000E-7	-1.800000E-7
2.248000E+3	0.000000E+0	-1.300000E-7
2.252000E+3	5.000000E-8	-0.000000E+0
2.252000E+3	8.000000E-8	-5.000000E-8
2.252000E+3	8.000000E-8	-5.000000E-8
2.252000E+3	5.000000E-8	-3.000000E-8
2.252000E+3	8.000000E-8	-0.000000E+0
2.252000E+3	8.000000E-8	3.000000E-8
2.252000E+3	1.800000E-7	0.000000E+0
2.252000E+3	1.800000E-7	-8.000000E-8
2.252000E+3	8.000000E-8	-8.000000E-8
2.252000E+3	5.000000E-8	-3.000000E-8
2.252000E+3	5.000000E-8	0.000000E+0
2.252000E+3	8.000000E-8	0.000000E+0
2.252000E+3	8.000000E-8	-3.000000E-8
2.252000E+3	5.000000E-8	0.000000E+0
2.252000E+3	5.000000E-8	-3.000000E-8
2.252000E+3	8.000000E-8	-3.000000E-8
2.252000E+3	1.300000E-7	-3.000000E-8
2.252000E+3	1.500000E-7	-8.000000E-8
2.252000E+3	8.000000E-8	-3.000000E-8
2.252000E+3	5.000000E-8	0.000000E+0
2.256000E+3	5.000000E-8	-3.000000E-8
2.256000E+3	8.000000E-8	-3.000000E-8
2.256000E+3	8.000000E-8	-3.000000E-8
2.256000E+3	8.000000E-8	-8.000000E-8
2.256000E+3	5.000000E-8	-3.000000E-8
2.256000E+3	1.300000E-7	-3.000000E-8
2.256000E+3	5.000000E-8	0.000000E+0
2.256000E+3	8.000000E-8	-3.000000E-8
2.256000E+3	1.300000E-7	0.000000E+0
2.256000E+3	1.300000E-7	-3.000000E-8
2.256000E+3	8.000000E-8	0.000000E+0
2.256000E+3	8.000000E-8	-3.000000E-8
2.256000E+3	5.000000E-8	-3.000000E-8
2.256000E+3	8.000000E-8	-3.000000E-8
2.256000E+3	8.000000E-8	-3.000000E-8
2.256000E+3	8.000000E-8	-3.000000E-8
2.256000E+3	1.300000E-7	0.000000E+0
2.256000E+3	1.300000E-7	-5.000000E-8
2.256000E+3	8.000000E-8	-3.000000E-8
2.256000E+3	8.000000E-8	0.000000E+0
2.260000E+3	8.000000E-8	-3.000000E-8
2.260000E+3	1.300000E-7	0.000000E+0
2.260000E+3	8.000000E-8	-3.000000E-8
2.260000E+3	8.000000E-8	-0.000000E+0
2.260000E+3	8.000000E-8	-3.000000E-8
2.260000E+3	8.000000E-8	-0.000000E+0
2.260000E+3	8.000000E-8	-3.000000E-8
2.260000E+3	5.000000E-8	-0.000000E+0
2.260000E+3	8.000000E-8	0.000000E+0
2.260000E+3	8.000000E-8	-3.000000E-8
2.260000E+3	8.000000E-8	-3.000000E-8
2.260000E+3	1.300000E-7	0.000000E+0
2.260000E+3	8.000000E-8	-3.000000E-8
2.260000E+3	1.300000E-7	0.000000E+0
2.260000E+3	1.300000E-7	-0.000000E+0
2.260000E+3	8.000000E-8	0.000000E+0
2.260000E+3	8.000000E-8	0.000000E+0
2.260000E+3	8.000000E-8	-0.000000E+0
2.260000E+3	1.300000E-7	-0.000000E+0
2.260000E+3	8.000000E-8	0.000000E+0
2.264000E+3	8.000000E-8	0.000000E+0
2.264000E+3	1.300000E-7	-3.000000E-8
2.264000E+3	1.300000E-7	-5.000000E-8
2.264000E+3	1.300000E-7	-0.000000E+0
2.264000E+3	8.000000E-8	-3.000000E-8
2.264000E+3	1.500000E-7	-3.000000E-8
2.264000E+3	8.000000E-8	-3.000000E-8
2.264000E+3	8.000000E-8	-5.000000E-8
2.264000E+3	1.300000E-7	0.000000E+0
2.264000E+3	8.000000E-8	-5.000000E-8
2.264000E+3	8.000000E-8	-0.000000E+0
2.264000E+3	8.000000E-8	-3.000000E-8
2.264000E+3	8.000000E-8	-0.000000E+0
2.264000E+3	1.300000E-7	-0.000000E+0
2.264000E+3	1.300000E-7	-0.000000E+0
2.264000E+3	8.000000E-8	-0.000000E+0
2.264000E+3	1.300000E-7	0.000000E+0
2.264000E+3	8.000000E-8	-0.000000E+0
2.264000E+3	8.000000E-8	-3.000000E-8
2.264000E+3	8.000000E-8	-3.000000E-8
2.268000E+3	1.300000E-7	-0.000000E+0
2.268000E+3	8.000000E-8	-3.000000E-8
2.268000E+3	8.000000E-8	-3.000000E-8
2.268000E+3	1.300000E-7	-3.000000E-8
2.268000E+3	1.300000E-7	-3.000000E-8
2.268000E+3	8.000000E-8	-0.000000E+0
2.268000E+3	8.000000E-8	-3.000000E-8
2.268000E+3	1.300000E-7	-3.000000E-8
2.268000E+3	1.300000E-7	-3.000000E-8
2.268000E+3	1.300000E-7	-3.000000E-8
2.268000E+3	1.300000E-7	-5.000000E-8
2.268000E+3	8.000000E-8	-0.000000E+0
2.268000E+3	1.300000E-7	-3.000000E-8
2.268000E+3	1.300000E-7	-0.000000E+0
2.268000E+3	8.000000E-8	-3.000000E-8
2.268000E+3	1.300000E-7	-3.000000E-8
2.268000E+3	1.300000E-7	0.000000E+0
2.268000E+3	1.300000E-7	-3.000000E-8
2.268000E+3	8.000000E-8	-3.000000E-8
2.268000E+3	1.500000E-7	-5.000000E-8
2.272000E+3	1.500000E-7	-3.000000E-8
2.272000E+3	8.000000E-8	-3.000000E-8
2.272000E+3	1.300000E-7	-3.000000E-8
2.272000E+3	1.500000E-7	0.000000E+0
2.272000E+3	1.300000E-7	-6.800000E-7
2.272000E+3	-1.500000E-7	-1.500000E-7
2.272000E+3	3.000000E-8	1.800000E-7
2.272000E+3	5.000000E-8	0.000000E+0
2.272000E+3	2.500000E-7	-8.000000E-8
2.272000E+3	3.800000E-7	0.000000E+0
2.272000E+3	1.300000E-7	0.000000E+0
2.272000E+3	3.000000E-8	-5.000000E-8
2.272000E+3	1.300000E-7	-3.000000E-8
2.272000E+3	1.300000E-7	-3.000000E-8
2.272000E+3	1.300000E-7	-3.000000E-8
2.272000E+3	8.000000E-8	-0.000000E+0
2.272000E+3	8.000000E-8	-3.000000E-8
2.272000E+3	1.300000E-7	-3.000000E-8
2.272000E+3	8.000000E-8	-8.000000E-8
2.272000E+3	1.500000E-7	-3.000000E-8
2.276000E+3	1.800000E-7	-3.000000E-8
2.276000E+3	1.300000E-7	-5.000000E-8
2.276000E+3	1.300000E-7	-8.000000E-8
2.276000E+3	1.500000E-7	3.000000E-8
2.276000E+3	1.300000E-7	0.000000E+0
2.276000E+3	5.000000E-8	-3.000000E-8
2.276000E+3	1.300000E-7	-5.000000E-8
2.276000E+3	1.300000E-7	-3.000000E-8
2.276000E+3	1.300000E-7	0.000000E+0
2.276000E+3	1.500000E-7	-3.000000E-8
2.276000E+3	1.800000E-7	-3.000000E-8
2.276000E+3	1.300000E-7	-8.000000E-8
2.276000E+3	1.500000E-7	-3.000000E-8
2.276000E+3	1.500000E-7	-3.000000E-8
2.276000E+3	2.000000E-7	0.000000E+0
2.276000E+3	1.500000E-7	-0.000000E+0
2.276000E+3	1.300000E-7	-3.000000E-8
2.276000E+3	1.500000E-7	0.000000E+0
2.276000E+3	1.300000E-7	0.000000E+0
2.276000E+3	1.500000E-7	-3.000000E-8
2.280000E+3	8.000000E-8	0.000000E+0
2.280000E+3	1.300000E-7	-0.000000E+0
2.280000E+3	1.500000E-7	-5.000000E-8
2.280000E+3	1.500000E-7	0.000000E+0
2.280000E+3	1.300000E-7	0.000000E+0
2.280000E+3	1.500000E-7	-5.000000E-8
2.280000E+3	1.500000E-7	-3.000000E-8
2.280000E+3	1.500000E-7	-3.000000E-8
2.280000E+3	1.300000E-7	-5.000000E-8
2.280000E+3	1.500000E-7	-5.000000E-8
2.280000E+3	1.300000E-7	0.000000E+0
2.280000E+3	1.800000E-7	-3.000000E-8
2.280000E+3	1.300000E-7	-3.000000E-8
2.280000E+3	1.500000E-7	-0.000000E+0
2.280000E+3	1.500000E-7	-3.000000E-8
2.280000E+3	1.500000E-7	-3.000000E-8
2.280000E+3	1.500000E-7	-3.000000E-8
2.280000E+3	1.500000E-7	-3.000000E-8
2.280000E+3	1.500000E-7	0.000000E+0
2.280000E+3	1.300000E-7	-3.000000E-8
2.284000E+3	1.500000E-7	-0.000000E+0
2.284000E+3	1.500000E-7	-3.000000E-8
2.284000E+3	1.300000E-7	-0.000000E+0
2.284000E+3	1.800000E-7	0.000000E+0
2.284000E+3	1.500000E-7	-3.000000E-8
2.284000E+3	1.300000E-7	0.000000E+0
2.284000E+3	1.300000E-7	-3.000000E-8
2.284000E+3	1.300000E-7	-3.000000E-8
2.284000E+3	1.500000E-7	-0.000000E+0
2.284000E+3	1.500000E-7	-3.000000E-8
2.284000E+3	1.800000E-7	-3.000000E-8
2.284000E+3	1.500000E-7	-5.000000E-8
2.284000E+3	1.500000E-7	-3.000000E-8
2.284000E+3	1.500000E-7	-5.000000E-8
2.284000E+3	1.500000E-7	-3.000000E-8
2.284000E+3	1.800000E-7	-3.000000E-8
2.284000E+3	1.500000E-7	0.000000E+0
2.284000E+3	1.800000E-7	-5.000000E-8
2.284000E+3	1.300000E-7	-3.000000E-8
2.284000E+3	1.500000E-7	-3.000000E-8
2.288000E+3	1.500000E-7	-3.000000E-8
2.288000E+3	1.500000E-7	-0.000000E+0
2.288000E+3	1.500000E-7	-3.000000E-8
2.288000E+3	1.800000E-7	-5.000000E-8
2.288000E+3	1.500000E-7	0.000000E+0
2.288000E+3	1.500000E-7	-3.000000E-8
2.288000E+3	1.800000E-7	-3.000000E-8
2.288000E+3	1.800000E-7	0.000000E+0
2.288000E+3	1.300000E-7	-5.000000E-8
2.288000E+3	1.800000E-7	-3.000000E-8
2.288000E+3	1.300000E-7	-5.000000E-8
2.288000E+3	1.500000E-7	-0.000000E+0
2.288000E+3	1.300000E-7	-3.000000E-8
2.288000E+3	1.300000E-7	-3.000000E-8
2.288000E+3	1.500000E-7	-3.000000E-8
2.288000E+3	1.500000E-7	-0.000000E+0
2.288000E+3	1.500000E-7	0.000000E+0
2.288000E+3	1.300000E-7	-0.000000E+0
2.288000E+3	1.300000E-7	-0.000000E+0
2.288000E+3	1.500000E-7	-3.000000E-8
2.292000E+3	1.500000E-7	-3.000000E-8
2.292000E+3	1.500000E-7	-5.000000E-8
2.292000E+3	1.500000E-7	-0.000000E+0
2.292000E+3	1.800000E-7	-5.000000E-8
2.292000E+3	1.800000E-7	-5.000000E-8
2.292000E+3	1.500000E-7	-3.000000E-8
2.292000E+3	1.500000E-7	-0.000000E+0
2.292000E+3	1.500000E-7	-3.000000E-8
2.292000E+3	1.500000E-7	-3.000000E-8
2.292000E+3	1.800000E-7	-0.000000E+0
2.292000E+3	1.800000E-7	0.000000E+0
2.292000E+3	1.500000E-7	-3.000000E-8
2.292000E+3	1.500000E-7	-3.000000E-8
2.292000E+3	1.500000E-7	-3.000000E-8
2.292000E+3	1.800000E-7	-8.000000E-8
2.292000E+3	1.500000E-7	0.000000E+0
2.292000E+3	1.300000E-7	-0.000000E+0
2.292000E+3	1.500000E-7	0.000000E+0
2.292000E+3	1.800000E-7	0.000000E+0
2.292000E+3	1.500000E-7	0.000000E+0
2.296000E+3	1.500000E-7	-3.000000E-8
2.296000E+3	1.800000E-7	-3.000000E-8
2.296000E+3	1.500000E-7	0.000000E+0
2.296000E+3	1.500000E-7	-3.000000E-8
2.296000E+3	1.300000E-7	-3.000000E-8
2.296000E+3	1.500000E-7	-5.000000E-8
2.296000E+3	1.500000E-7	-3.000000E-8
2.296000E+3	1.500000E-7	-8.000000E-8
2.296000E+3	1.500000E-7	-8.000000E-8
2.296000E+3	1.300000E-7	0.000000E+0
2.296000E+3	1.500000E-7	-3.000000E-8
2.296000E+3	1.500000E-7	-3.000000E-8
2.296000E+3	1.800000E-7	-3.000000E-8
2.296000E+3	1.300000E-7	0.000000E+0
2.296000E+3	1.300000E-7	-3.000000E-8
2.296000E+3	1.500000E-7	-3.000000E-8
2.296000E+3	1.500000E-7	-3.000000E-8
2.296000E+3	1.300000E-7	-3.000000E-8
2.296000E+3	1.500000E-7	0.000000E+0
2.296000E+3	1.500000E-7	-5.000000E-8
2.300000E+3	3.000000E-8	0.000000E+0
2.300000E+3	1.800000E-7	0.000000E+0
2.300000E+3	2.500000E-7	-1.500000E-7
2.300000E+3	5.000000E-8	-5.000000E-8
2.300000E+3	5.000000E-8	-5.000000E-8
2.300000E+3	8.000000E-8	3.000000E-8
2.300000E+3	1.800000E-7	0.000000E+0
2.300000E+3	1.800000E-7	-3.000000E-8
2.300000E+3	2.500000E-7	-5.000000E-8
2.300000E+3	8.000000E-8	-1.500000E-7
2.300000E+3	5.000000E-8	-3.000000E-8
2.300000E+3	3.000000E-8	5.000000E-8
2.300000E+3	1.300000E-7	3.000000E-8
2.300000E+3	2.000000E-7	0.000000E+0
2.300000E+3	2.000000E-7	-1.500000E-7
2.300000E+3	1.800000E-7	0.000000E+0
2.300000E+3	1.300000E-7	-3.000000E-8
2.300000E+3	8.000000E-8	-8.000000E-8
2.300000E+3	1.300000E-7	-3.000000E-8
2.300000E+3	8.000000E-8	0.000000E+0
2.304000E+3	1.500000E-7	-3.000000E-8
2.304000E+3	1.500000E-7	-3.000000E-8
2.304000E+3	1.500000E-7	-3.000000E-8
2.304000E+3	1.500000E-7	-8.000000E-8
2.304000E+3	1.500000E-7	-8.000000E-8
2.304000E+3	1.300000E-7	-3.000000E-8
2.304000E+3	1.500000E-7	0.000000E+0
2.304000E+3	1.300000E-7	0.000000E+0
2.304000E+3	1.500000E-7	-5.000000E-8
2.304000E+3	1.300000E-7	-3.000000E-8
2.304000E+3	1.800000E-7	-3.000000E-8
2.304000E+3	1.500000E-7	-3.000000E-8
2.304000E+3	1.500000E-7	-8.000000E-8
2.304000E+3	1.500000E-7	-0.000000E+0
2.304000E+3	1.500000E-7	-3.000000E-8
2.304000E+3	1.800000E-7	-3.000000E-8
2.304000E+3	1.800000E-7	-8.000000E-8
2.304000E+3	1.800000E-7	0.000000E+0
2.304000E+3	1.800000E-7	-3.000000E-8
2.304000E+3	1.300000E-7	-3.000000E-8
2.308000E+3	1.800000E-7	-3.000000E-8
2.308000E+3	1.500000E-7	-3.000000E-8
2.308000E+3	1.800000E-7	0.000000E+0
2.308000E+3	1.800000E-7	-3.000000E-8
2.308000E+3	1.800000E-7	-3.000000E-8
2.308000E+3	1.800000E-7	-5.000000E-8
2.308000E+3	1.800000E-7	0.000000E+0
2.308000E+3	1.500000E-7	-5.000000E-8
2.308000E+3	1.800000E-7	-0.000000E+0
2.308000E+3	1.800000E-7	-0.000000E+0
2.308000E+3	1.800000E-7	-3.000000E-8
2.308000E+3	1.800000E-7	-3.000000E-8
2.308000E+3	1.500000E-7	-3.000000E-8
2.308000E+3	1.800000E-7	-3.000000E-8
2.308000E+3	1.800000E-7	-3.000000E-8
2.308000E+3	1.500000E-7	-3.000000E-8
2.308000E+3	1.800000E-7	-3.000000E-8
2.308000E+3	1.500000E-7	-3.000000E-8
2.308000E+3	1.800000E-7	-3.000000E-8
2.308000E+3	1.800000E-7	-8.000000E-8
2.312000E+3	1.500000E-7	0.000000E+0
2.312000E+3	1.800000E-7	-0.000000E+0
2.312000E+3	1.800000E-7	-3.000000E-8
2.312000E+3	1.800000E-7	-8.000000E-8
2.312000E+3	1.500000E-7	-3.000000E-8
2.312000E+3	1.800000E-7	-0.000000E+0
2.312000E+3	1.500000E-7	-3.000000E-8
2.312000E+3	1.800000E-7	-3.000000E-8
2.312000E+3	1.800000E-7	-3.000000E-8
2.312000E+3	1.500000E-7	-3.000000E-8
2.312000E+3	1.500000E-7	-3.000000E-8
2.312000E+3	1.800000E-7	-3.000000E-8
2.312000E+3	1.500000E-7	-3.000000E-8
2.312000E+3	1.800000E-7	-3.000000E-8
2.312000E+3	1.500000E-7	-3.000000E-8
2.312000E+3	1.800000E-7	-5.000000E-8
2.312000E+3	1.800000E-7	-0.000000E+0
2.312000E+3	1.800000E-7	-3.000000E-8
2.312000E+3	2.000000E-7	-0.000000E+0
2.312000E+3	1.800000E-7	-3.000000E-8
2.316000E+3	1.800000E-7	-3.000000E-8
2.316000E+3	1.500000E-7	-0.000000E+0
2.316000E+3	1.800000E-7	-3.000000E-8
2.316000E+3	1.300000E-7	-3.000000E-8
2.316000E+3	1.500000E-7	-8.000000E-8
2.316000E+3	1.500000E-7	-0.000000E+0
2.316000E+3	1.500000E-7	-3.000000E-8
2.316000E+3	1.800000E-7	-8.000000E-8
2.316000E+3	1.500000E-7	-0.000000E+0
2.316000E+3	1.800000E-7	-5.000000E-8
2.316000E+3	1.500000E-7	0.000000E+0
2.316000E+3	1.800000E-7	-3.000000E-8
2.316000E+3	2.000000E-7	-3.000000E-8
2.316000E+3	1.300000E-7	-3.000000E-8
2.316000E+3	1.500000E-7	-3.000000E-8
2.316000E+3	1.800000E-7	0.000000E+0
2.316000E+3	1.300000E-7	0.000000E+0
2.316000E+3	1.500000E-7	-3.000000E-8
2.316000E+3	1.500000E-7	0.000000E+0
2.316000E+3	1.800000E-7	-5.000000E-8
2.320000E+3	1.500000E-7	-5.000000E-8
2.320000E+3	1.500000E-7	-3.000000E-8
2.320000E+3	1.500000E-7	-3.000000E-8
2.320000E+3	1.800000E-7	-3.000000E-8
2.320000E+3	1.500000E-7	-3.000000E-8
2.320000E+3	1.500000E-7	-8.000000E-8
2.320000E+3	1.800000E-7	-0.000000E+0
2.320000E+3	1.800000E-7	3.000000E-8
2.320000E+3	1.300000E-7	8.000000E-8
2.320000E+3	8.000000E-8	3.000000E-8
2.320000E+3	1.500000E-7	-8.000000E-8
2.320000E+3	1.800000E-7	-0.000000E+0
2.320000E+3	1.500000E-7	-0.000000E+0
2.320000E+3	1.800000E-7	0.000000E+0
2.320000E+3	1.800000E-7	-3.000000E-8
2.320000E+3	1.300000E-7	0.000000E+0
2.320000E+3	1.500000E-7	-3.000000E-8
2.320000E+3	1.500000E-7	0.000000E+0
2.320000E+3	1.500000E-7	-0.000000E+0
2.320000E+3	1.800000E-7	-0.000000E+0
2.324000E+3	8.000000E-8	3.800000E-7
2.324000E+3	1.300000E-7	4.500000E-7
2.324000E+3	6.500000E-7	-1.500000E-7
2.324000E+3	3.000000E-7	-4.000000E-7
2.324000E+3	-3.000000E-7	3.800000E-7
2.324000E+3	4.300000E-7	0.000000E+0
2.324000E+3	5.500000E-7	-4.500000E-7
2.324000E+3	-2.800000E-7	3.800000E-7
2.324000E+3	4.500000E-7	-2.000000E-7
2.324000E+3	1.800000E-7	-2.800000E-7
2.324000E+3	-2.000000E-7	1.500000E-7
2.324000E+3	5.000000E-8	2.000000E-7
2.324000E+3	4.500000E-7	-3.300000E-7
2.324000E+3	0.000000E+0	0.000000E+0
2.324000E+3	3.000000E-8	2.500000E-7
2.324000E+3	4.000000E-7	-2.000000E-7
2.324000E+3	8.000000E-8	0.000000E+0
2.324000E+3	1.500000E-7	2.500000E-7
2.324000E+3	3.800000E-7	5.000000E-8
2.324000E+3	4.300000E-7	-3.000000E-8
2.328000E+3	4.000000E-7	-3.000000E-8
2.328000E+3	1.800000E-7	-5.000000E-8
2.328000E+3	1.800000E-7	-3.000000E-8
2.328000E+3	1.500000E-7	-8.000000E-8
2.328000E+3	1.800000E-7	0.000000E+0
2.328000E+3	1.800000E-7	-0.000000E+0
2.328000E+3	2.000000E-7	-8.000000E-8
2.328000E+3	1.500000E-7	0.000000E+0
2.328000E+3	2.000000E-7	-3.000000E-8
2.328000E+3	1.800000E-7	3.000000E-8
2.328000E+3	1.800000E-7	-8.000000E-8
2.328000E+3	1.800000E-7	-8.000000E-8
2.328000E+3	1.800000E-7	-3.000000E-8
2.328000E+3	2.000000E-7	-3.000000E-8
2.328000E+3	1.800000E-7	-5.000000E-8
2.328000E+3	1.800000E-7	-3.000000E-8
2.328000E+3	1.800000E-7	-3.000000E-8
2.328000E+3	1.800000E-7	-5.000000E-8
2.328000E+3	1.800000E-7	-3.000000E-8
2.328000E+3	1.800000E-7	-1.300000E-7
2.332000E+3	1.800000E-7	-3.000000E-8
2.332000E+3	1.500000E-7	0.000000E+0
2.332000E+3	1.800000E-7	-3.000000E-8
2.332000E+3	1.800000E-7	-3.000000E-8
2.332000E+3	1.800000E-7	-3.000000E-8
2.332000E+3	1.800000E-7	-0.000000E+0
2.332000E+3	1.800000E-7	-3.000000E-8
2.332000E+3	1.800000E-7	0.000000E+0
2.332000E+3	1.800000E-7	-8.000000E-8
2.332000E+3	2.000000E-7	-3.000000E-8
2.332000E+3	1.800000E-7	-3.000000E-8
2.332000E+3	1.800000E-7	-3.000000E-8
2.332000E+3	1.800000E-7	-0.000000E+0
2.332000E+3	1.500000E-7	-3.000000E-8
2.332000E+3	1.800000E-7	-5.000000E-8
2.332000E+3	1.800000E-7	-3.000000E-8
2.332000E+3	1.800000E-7	-3.000000E-8
2.332000E+3	1.800000E-7	0.000000E+0
2.332000E+3	1.300000E-7	-3.000000E-8
2.332000E+3	1.800000E-7	-3.000000E-8
2.336000E+3	1.500000E-7	-5.000000E-8
2.336000E+3	8.000000E-8	5.000000E-8
2.336000E+3	2.800000E-7	0.000000E+0
2.336000E+3	3.000000E-7	-1.300000E-7
2.336000E+3	1.800000E-7	-1.300000E-7
2.336000E+3	8.000000E-8	-3.000000E-8
2.336000E+3	5.000000E-8	5.000000E-8
2.336000E+3	1.500000E-7	3.000000E-8
2.336000E+3	1.300000E-7	-3.000000E-8
2.336000E+3	1.800000E-7	3.000000E-8
2.336000E+3	8.000000E-8	-3.000000E-8
2.336000E+3	1.500000E-7	-3.000000E-8
2.336000E+3	1.300000E-7	-5.000000E-8
2.336000E+3	1.500000E-7	-3.000000E-8
2.336000E+3	1.500000E-7	-3.000000E-8
2.336000E+3	2.000000E-7	-3.000000E-8
2.336000E+3	1.500000E-7	-5.000000E-8
2.336000E+3	1.800000E-7	-8.000000E-8
2.336000E+3	1.800000E-7	-5.000000E-8
2.336000E+3	1.800000E-7	-0.000000E+0
2.340000E+3	2.000000E-7	-0.000000E+0
2.340000E+3	1.800000E-7	3.000000E-8
2.340000E+3	1.800000E-7	-3.000000E-8
2.340000E+3	2.000000E-7	-0.000000E+0
2.340000E+3	1.800000E-7	-8.000000E-8
2.340000E+3	2.000000E-7	-8.000000E-8
2.340000E+3	1.800000E-7	-0.000000E+0
2.340000E+3	2.500000E-7	-0.000000E+0
2.340000E+3	2.500000E-7	3.000000E-8
2.340000E+3	1.800000E-7	-3.000000E-8
2.340000E+3	1.800000E-7	-3.000000E-8
2.340000E+3	2.000000E-7	-3.000000E-8
2.340000E+3	2.000000E-7	0.000000E+0
2.340000E+3	1.800000E-7	-3.000000E-8
2.340000E+3	1.800000E-7	-8.000000E-8
2.340000E+3	1.800000E-7	-3.000000E-8
2.340000E+3	2.500000E-7	-0.000000E+0
2.340000E+3	1.500000E-7	5.000000E-8
2.340000E+3	2.800000E-7	-3.000000E-8
2.340000E+3	1.800000E-7	0.000000E+0
2.344000E+3	2.800000E-7	-3.000000E-8
2.344000E+3	1.800000E-7	0.000000E+0
2.344000E+3	2.000000E-7	-0.000000E+0
2.344000E+3	2.000000E-7	-0.000000E+0
2.344000E+3	1.800000E-7	-3.000000E-8
2.344000E+3	2.000000E-7	-3.000000E-8
2.344000E+3	2.000000E-7	-3.000000E-8
2.344000E+3	1.800000E-7	0.000000E+0
2.344000E+3	2.000000E-7	-5.000000E-8
2.344000E+3	2.000000E-7	-8.000000E-8
2.344000E+3	1.800000E-7	3.000000E-8
2.344000E+3	2.000000E-7	-3.000000E-8
2.344000E+3	1.800000E-7	-0.000000E+0
2.344000E+3	2.500000E-7	-5.000000E-8
2.344000E+3	1.800000E-7	-3.000000E-8
2.344000E+3	1.500000E-7	-8.000000E-8
2.344000E+3	1.800000E-7	-3.000000E-8
2.344000E+3	1.800000E-7	-3.000000E-8
2.344000E+3	1.500000E-7	-3.000000E-8
2.344000E+3	1.500000E-7	-8.000000E-8
2.348000E+3	1.800000E-7	-0.000000E+0
2.348000E+3	1.800000E-7	0.000000E+0
2.348000E+3	1.800000E-7	-8.000000E-8
2.348000E+3	2.000000E-7	0.000000E+0
2.348000E+3	2.000000E-7	-0.000000E+0
2.348000E+3	2.000000E-7	-5.000000E-8
2.348000E+3	2.000000E-7	-5.000000E-8
2.348000E+3	1.800000E-7	0.000000E+0
2.348000E+3	1.800000E-7	-5.000000E-8
2.348000E+3	2.000000E-7	-3.000000E-8
2.348000E+3	1.800000E-7	-3.000000E-8
2.348000E+3	1.800000E-7	-3.000000E-8
2.348000E+3	2.800000E-7	-8.000000E-8
2.348000E+3	1.800000E-7	0.000000E+0
2.348000E+3	1.800000E-7	-5.000000E-8
2.348000E+3	2.500000E-7	-8.000000E-8
2.348000E+3	1.800000E-7	3.000000E-8
2.348000E+3	1.500000E-7	-3.000000E-8
2.348000E+3	2.500000E-7	-3.000000E-8
2.348000E+3	2.000000E-7	0.000000E+0
2.352000E+3	1.500000E-7	-8.000000E-8
2.352000E+3	2.000000E-7	-0.000000E+0
2.352000E+3	1.800000E-7	-5.000000E-8
2.352000E+3	2.000000E-7	-3.000000E-8
2.352000E+3	1.800000E-7	-3.000000E-8
2.352000E+3	2.500000E-7	-3.000000E-8
2.352000E+3	2.500000E-7	-8.000000E-8
2.352000E+3	2.500000E-7	-3.000000E-8
2.352000E+3	2.000000E-7	-3.000000E-8
2.352000E+3	2.000000E-7	-3.000000E-8
2.352000E+3	2.000000E-7	-5.000000E-8
2.352000E+3	2.800000E-7	0.000000E+0
2.352000E+3	2.000000E-7	-3.000000E-8
2.352000E+3	2.000000E-7	-3.000000E-8
2.352000E+3	1.800000E-7	-3.000000E-8
2.352000E+3	2.800000E-7	-3.000000E-8
2.352000E+3	2.500000E-7	-3.000000E-8
2.352000E+3	2.000000E-7	-0.000000E+0
2.352000E+3	2.000000E-7	-8.000000E-8
2.352000E+3	2.500000E-7	-3.000000E-8
2.356000E+3	2.500000E-7	0.000000E+0
2.356000E+3	2.500000E-7	-3.000000E-8
2.356000E+3	2.500000E-7	-3.000000E-8
2.356000E+3	2.500000E-7	0.000000E+0
2.356000E+3	2.000000E-7	-3.000000E-8
2.356000E+3	2.000000E-7	-3.000000E-8
2.356000E+3	2.000000E-7	-3.000000E-8
2.356000E+3	2.000000E-7	-0.000000E+0
2.356000E+3	2.000000E-7	-3.000000E-8
2.356000E+3	2.800000E-7	0.000000E+0
2.356000E+3	2.500000E-7	-3.000000E-8
2.356000E+3	2.000000E-7	-3.000000E-8
2.356000E+3	1.800000E-7	0.000000E+0
2.356000E+3	1.800000E-7	-5.000000E-8
2.356000E+3	2.000000E-7	-3.000000E-8
2.356000E+3	2.000000E-7	-8.000000E-8
2.356000E+3	2.500000E-7	-3.000000E-8
2.356000E+3	2.000000E-7	-3.000000E-8
2.356000E+3	2.500000E-7	-3.000000E-8
2.356000E+3	2.000000E-7	-8.000000E-8
2.360000E+3	2.000000E-7	-1.300000E-7
2.360000E+3	3.000000E-7	3.000000E-8
2.360000E+3	1.800000E-7	-3.000000E-8
2.360000E+3	1.500000E-7	8.000000E-8
2.360000E+3	3.300000E-7	-8.000000E-8
2.360000E+3	2.000000E-7	-8.000000E-8
2.360000E+3	1.800000E-7	5.000000E-8
2.360000E+3	3.300000E-7	-8.000000E-8
2.360000E+3	2.800000E-7	-1.300000E-7
2.360000E+3	3.000000E-8	8.000000E-8
2.360000E+3	2.500000E-7	-8.000000E-8
2.360000E+3	2.000000E-7	-5.000000E-8
2.360000E+3	2.500000E-7	-3.000000E-8
2.360000E+3	2.000000E-7	-0.000000E+0
2.360000E+3	2.500000E-7	-8.000000E-8
2.360000E+3	2.000000E-7	-3.000000E-8
2.360000E+3	2.500000E-7	-3.000000E-8
2.360000E+3	2.000000E-7	1.300000E-7
2.360000E+3	0.000000E+0	-5.000000E-8
2.360000E+3	1.800000E-7	-2.500000E-7
2.364000E+3	3.800000E-7	0.000000E+0
2.364000E+3	2.000000E-7	-3.000000E-8
2.364000E+3	3.000000E-7	-1.500000E-7
2.364000E+3	1.300000E-7	8.000000E-8
2.364000E+3	3.300000E-7	-3.000000E-8
2.364000E+3	2.000000E-7	-3.000000E-8
2.364000E+3	2.000000E-7	-0.000000E+0
2.364000E+3	2.500000E-7	-0.000000E+0
2.364000E+3	2.500000E-7	-5.000000E-8
2.364000E+3	2.000000E-7	-3.000000E-8
2.364000E+3	2.000000E-7	-3.000000E-8
2.364000E+3	2.500000E-7	0.000000E+0
2.364000E+3	2.500000E-7	0.000000E+0
2.364000E+3	2.500000E-7	-0.000000E+0
2.364000E+3	2.500000E-7	0.000000E+0
2.364000E+3	2.500000E-7	-0.000000E+0
2.364000E+3	2.500000E-7	-3.000000E-8
2.364000E+3	2.500000E-7	-3.000000E-8
2.364000E+3	2.000000E-7	-3.000000E-8
2.364000E+3	1.800000E-7	-3.000000E-8
2.368000E+3	2.000000E-7	-5.000000E-8
2.368000E+3	2.000000E-7	-5.000000E-8
2.368000E+3	2.500000E-7	0.000000E+0
2.368000E+3	2.500000E-7	0.000000E+0
2.368000E+3	2.500000E-7	-3.000000E-8
2.368000E+3	2.800000E-7	0.000000E+0
2.368000E+3	1.300000E-7	-8.000000E-8
2.368000E+3	3.000000E-7	0.000000E+0
2.368000E+3	2.000000E-7	-1.500000E-7
2.368000E+3	3.000000E-7	-0.000000E+0
2.368000E+3	1.800000E-7	-3.000000E-8
2.368000E+3	3.000000E-7	-3.000000E-8
2.368000E+3	2.800000E-7	-8.000000E-8
2.368000E+3	1.500000E-7	-3.000000E-8
2.368000E+3	2.500000E-7	-8.000000E-8
2.368000E+3	2.500000E-7	-3.000000E-8
2.368000E+3	2.800000E-7	-3.000000E-8
2.368000E+3	2.000000E-7	-3.000000E-8
2.368000E+3	2.500000E-7	-3.000000E-8
2.368000E+3	2.800000E-7	-8.000000E-8
2.372000E+3	2.000000E-7	3.000000E-8
2.372000E+3	2.500000E-7	-3.000000E-8
2.372000E+3	2.800000E-7	-0.000000E+0
2.372000E+3	2.800000E-7	-0.000000E+0
2.372000E+3	2.000000E-7	-3.000000E-8
2.372000E+3	3.000000E-7	3.000000E-8
2.372000E+3	1.800000E-7	-8.000000E-8
2.372000E+3	2.800000E-7	0.000000E+0
2.372000E+3	2.000000E-7	-3.000000E-8
2.372000E+3	2.000000E-7	-3.000000E-8
2.372000E+3	2.000000E-7	-5.000000E-8
2.372000E+3	2.800000E-7	-8.000000E-8
2.372000E+3	2.500000E-7	0.000000E+0
2.372000E+3	2.500000E-7	-8.000000E-8
2.372000E+3	3.000000E-7	-0.000000E+0
2.372000E+3	2.500000E-7	-5.000000E-8
2.372000E+3	2.000000E-7	-8.000000E-8
2.372000E+3	2.500000E-7	-8.000000E-8
2.372000E+3	2.500000E-7	-5.000000E-8
2.372000E+3	1.500000E-7	3.000000E-8
2.376000E+3	1.500000E-7	-0.000000E+0
2.376000E+3	3.300000E-7	5.000000E-8
2.376000E+3	3.000000E-7	-3.000000E-8
2.376000E+3	3.300000E-7	8.000000E-8
2.376000E+3	1.800000E-7	-1.500000E-7
2.376000E+3	3.000000E-7	0.000000E+0
2.376000E+3	2.000000E-7	-8.000000E-8
2.376000E+3	3.000000E-7	0.000000E+0
2.376000E+3	3.000000E-7	0.000000E+0
2.376000E+3	4.000000E-7	-3.000000E-8
2.376000E+3	8.000000E-8	3.000000E-8
2.376000E+3	2.000000E-7	-8.000000E-8
2.376000E+3	1.500000E-7	1.300000E-7
2.376000E+3	4.000000E-7	1.300000E-7
2.376000E+3	3.800000E-7	-1.300000E-7
2.376000E+3	4.300000E-7	-1.300000E-7
2.376000E+3	2.000000E-7	-3.000000E-8
2.376000E+3	2.500000E-7	-5.000000E-8
2.376000E+3	3.000000E-7	-1.500000E-7
2.376000E+3	3.000000E-7	-1.500000E-7
2.380000E+3	2.800000E-7	0.000000E+0
2.380000E+3	3.000000E-7	0.000000E+0
2.380000E+3	2.800000E-7	-5.000000E-8
2.380000E+3	3.300000E-7	-5.000000E-8
2.380000E+3	2.500000E-7	0.000000E+0
2.380000E+3	2.800000E-7	-3.000000E-8
2.380000E+3	2.500000E-7	-3.000000E-8
2.380000E+3	3.000000E-7	-8.000000E-8
2.380000E+3	3.000000E-7	-5.000000E-8
2.380000E+3	2.500000E-7	-0.000000E+0
2.380000E+3	2.800000E-7	-5.000000E-8
2.380000E+3	3.800000E-7	-3.000000E-8
2.380000E+3	3.800000E-7	-8.000000E-8
2.380000E+3	3.000000E-7	-8.000000E-8
2.380000E+3	2.500000E-7	-3.000000E-8
2.380000E+3	1.500000E-7	5.000000E-8
2.380000E+3	2.500000E-7	8.000000E-8
2.380000E+3	3.800000E-7	-5.000000E-8
2.380000E+3	3.800000E-7	0.000000E+0
2.380000E+3	3.000000E-7	-3.000000E-8
2.384000E+3	2.500000E-7	-5.000000E-8
2.384000E+3	3.000000E-7	-0.000000E+0
2.384000E+3	2.800000E-7	-5.000000E-8
2.384000E+3	2.800000E-7	-5.000000E-8
2.384000E+3	3.000000E-7	-0.000000E+0
2.384000E+3	2.800000E-7	-0.000000E+0
2.384000E+3	2.800000E-7	-3.000000E-8
2.384000E+3	3.000000E-7	-3.000000E-8
2.384000E+3	3.800000E-7	-3.000000E-8
2.384000E+3	3.300000E-7	3.000000E-8
2.384000E+3	3.000000E-7	-0.000000E+0
2.384000E+3	3.300000E-7	-0.000000E+0
2.384000E+3	3.000000E-7	0.000000E+0
2.384000E+3	3.800000E-7	-8.000000E-8
2.384000E+3	3.000000E-7	3.000000E-8
2.384000E+3	3.000000E-7	-5.000000E-8
2.384000E+3	3.000000E-7	-5.000000E-8
2.384000E+3	2.500000E-7	-3.000000E-8
2.384000E+3	3.300000E-7	-1.300000E-7
2.384000E+3	3.000000E-7	0.000000E+0
2.388000E+3	3.800000E-7	-8.000000E-8
2.388000E+3	2.800000E-7	8.000000E-8
2.388000E+3	4.000000E-7	-8.000000E-8
2.388000E+3	3.300000E-7	-3.000000E-8
2.388000E+3	2.500000E-7	5.000000E-8
2.388000E+3	4.500000E-7	-1.800000E-7
2.388000E+3	1.800000E-7	1.300000E-7
2.388000E+3	3.300000E-7	-3.000000E-8
2.388000E+3	3.800000E-7	-3.000000E-8
2.388000E+3	3.300000E-7	-0.000000E+0
2.388000E+3	3.300000E-7	0.000000E+0
2.388000E+3	3.300000E-7	0.000000E+0
2.388000E+3	3.300000E-7	-0.000000E+0
2.388000E+3	3.000000E-7	-5.000000E-8
2.388000E+3	3.000000E-7	0.000000E+0
2.388000E+3	3.300000E-7	-5.000000E-8
2.388000E+3	3.300000E-7	-3.000000E-8
2.388000E+3	3.300000E-7	-3.000000E-8
2.388000E+3	3.000000E-7	-3.000000E-8
2.388000E+3	3.300000E-7	-3.000000E-8
2.392000E+3	3.000000E-7	0.000000E+0
2.392000E+3	3.000000E-7	-5.000000E-8
2.392000E+3	3.000000E-7	0.000000E+0
2.392000E+3	3.800000E-7	0.000000E+0
2.392000E+3	3.000000E-7	-3.000000E-8
2.392000E+3	3.300000E-7	-8.000000E-8
2.392000E+3	3.000000E-7	-3.000000E-8
2.392000E+3	3.300000E-7	0.000000E+0
2.392000E+3	3.000000E-7	-3.000000E-8
2.392000E+3	3.300000E-7	0.000000E+0
2.392000E+3	4.000000E-7	-3.000000E-8
2.392000E+3	3.800000E-7	-0.000000E+0
2.392000E+3	3.300000E-7	-3.000000E-8
2.392000E+3	3.300000E-7	-0.000000E+0
2.392000E+3	3.800000E-7	0.000000E+0
2.392000E+3	3.800000E-7	-5.000000E-8
2.392000E+3	3.300000E-7	-0.000000E+0
2.392000E+3	3.000000E-7	0.000000E+0
2.392000E+3	3.300000E-7	-3.000000E-8
2.392000E+3	3.300000E-7	-3.000000E-8
2.396000E+3	3.300000E-7	-5.000000E-8
2.396000E+3	3.000000E-7	0.000000E+0
2.396000E+3	3.300000E-7	0.000000E+0
2.396000E+3	3.300000E-7	-1.500000E-7
2.396000E+3	3.000000E-7	0.000000E+0
2.396000E+3	3.800000E-7	-3.000000E-8
2.396000E+3	3.300000E-7	-8.000000E-8
2.396000E+3	3.000000E-7	-0.000000E+0
2.396000E+3	3.800000E-7	-3.000000E-8
2.396000E+3	3.300000E-7	-3.000000E-8
2.396000E+3	3.300000E-7	-5.000000E-8
2.396000E+3	3.300000E-7	-8.000000E-8
2.396000E+3	3.800000E-7	-8.000000E-8
2.396000E+3	4.000000E-7	-0.000000E+0
2.396000E+3	3.300000E-7	-3.000000E-8
2.396000E+3	3.300000E-7	0.000000E+0
2.396000E+3	3.800000E-7	-3.000000E-8
2.396000E+3	3.300000E-7	-5.000000E-8
2.396000E+3	3.800000E-7	-8.000000E-8
2.396000E+3	3.800000E-7	-3.000000E-8
2.400000E+3	3.300000E-7	5.000000E-8
2.400000E+3	5.000000E-7	-2.000000E-7
2.400000E+3	3.000000E-7	-8.000000E-8
2.400000E+3	3.300000E-7	-0.000000E+0
2.400000E+3	3.300000E-7	5.000000E-8
2.400000E+3	5.000000E-7	-1.800000E-7
2.400000E+3	1.500000E-7	1.800000E-7
2.400000E+3	5.800000E-7	-2.500000E-7
2.400000E+3	3.000000E-7	-1.500000E-7
2.400000E+3	1.800000E-7	1.300000E-7
2.400000E+3	4.500000E-7	-8.000000E-8
2.400000E+3	3.800000E-7	-8.000000E-8
2.400000E+3	3.000000E-7	-3.000000E-8
2.400000E+3	3.300000E-7	3.000000E-8
2.400000E+3	4.300000E-7	-5.000000E-8
2.400000E+3	3.000000E-7	-8.000000E-8
2.400000E+3	2.000000E-7	8.000000E-8
2.400000E+3	5.000000E-7	-1.500000E-7
2.400000E+3	3.000000E-7	-8.000000E-8
2.400000E+3	3.000000E-7	0.000000E+0
2.404000E+3	4.000000E-7	-3.000000E-8
2.404000E+3	3.800000E-7	-3.000000E-8
2.404000E+3	3.800000E-7	-0.000000E+0
2.404000E+3	3.800000E-7	-3.000000E-8
2.404000E+3	3.800000E-7	-3.000000E-8
2.404000E+3	3.800000E-7	-3.000000E-8
2.404000E+3	3.800000E-7	-3.000000E-8
2.404000E+3	3.800000E-7	-0.000000E+0
2.404000E+3	4.000000E-7	-3.000000E-8
2.404000E+3	3.800000E-7	-5.000000E-8
2.404000E+3	3.800000E-7	-3.000000E-8
2.404000E+3	3.300000E-7	-3.000000E-8
2.404000E+3	3.800000E-7	-8.000000E-8
2.404000E+3	3.800000E-7	-3.000000E-8
2.404000E+3	3.800000E-7	-3.000000E-8
2.404000E+3	3.800000E-7	-3.000000E-8
2.404000E+3	4.000000E-7	-5.000000E-8
2.404000E+3	3.300000E-7	0.000000E+0
2.404000E+3	4.000000E-7	-5.000000E-8
2.404000E+3	3.800000E-7	-0.000000E+0
2.408000E+3	3.800000E-7	-0.000000E+0
2.408000E+3	4.000000E-7	-5.000000E-8
2.408000E+3	3.800000E-7	-0.000000E+0
2.408000E+3	3.300000E-7	-3.000000E-8
2.408000E+3	3.800000E-7	-3.000000E-8
2.408000E+3	4.000000E-7	-3.000000E-8
2.408000E+3	4.000000E-7	-3.000000E-8
2.408000E+3	3.800000E-7	-3.000000E-8
2.408000E+3	4.000000E-7	-0.000000E+0
2.408000E+3	3.800000E-7	-3.000000E-8
2.408000E+3	3.300000E-7	-3.000000E-8
2.408000E+3	3.800000E-7	-3.000000E-8
2.408000E+3	4.000000E-7	-3.000000E-8
2.408000E+3	3.800000E-7	-3.000000E-8
2.408000E+3	3.300000E-7	-3.000000E-8
2.408000E+3	3.800000E-7	-8.000000E-8
2.408000E+3	3.800000E-7	-3.000000E-8
2.408000E+3	3.800000E-7	-3.000000E-8
2.408000E+3	3.800000E-7	-3.000000E-8
2.408000E+3	3.800000E-7	0.000000E+0
2.412000E+3	4.000000E-7	-5.000000E-8
2.412000E+3	3.800000E-7	-3.000000E-8
2.412000E+3	3.800000E-7	-3.000000E-8
2.412000E+3	3.800000E-7	-8.000000E-8
2.412000E+3	4.000000E-7	-0.000000E+0
2.412000E+3	4.000000E-7	0.000000E+0
2.412000E+3	4.000000E-7	-8.000000E-8
2.412000E+3	4.000000E-7	-3.000000E-8
2.412000E+3	3.800000E-7	-3.000000E-8
2.412000E+3	3.800000E-7	-3.000000E-8
2.412000E+3	4.000000E-7	-3.000000E-8
2.412000E+3	3.800000E-7	0.000000E+0
2.412000E+3	4.000000E-7	-0.000000E+0
2.412000E+3	4.000000E-7	-3.000000E-8
2.412000E+3	4.000000E-7	-0.000000E+0
2.412000E+3	4.000000E-7	-3.000000E-8
2.412000E+3	3.800000E-7	-5.000000E-8
2.412000E+3	3.800000E-7	-3.000000E-8
2.412000E+3	4.000000E-7	-8.000000E-8
2.412000E+3	4.000000E-7	-3.000000E-8
2.416000E+3	3.800000E-7	-3.000000E-8
2.416000E+3	4.000000E-7	-5.000000E-8
2.416000E+3	4.000000E-7	-3.000000E-8
2.416000E+3	4.300000E-7	-3.000000E-8
2.416000E+3	4.300000E-7	-5.000000E-8
2.416000E+3	4.300000E-7	-3.000000E-8
2.416000E+3	4.000000E-7	-3.000000E-8
2.416000E+3	4.000000E-7	-3.000000E-8
2.416000E+3	4.000000E-7	-8.000000E-8
2.416000E+3	4.000000E-7	-0.000000E+0
2.416000E+3	4.300000E-7	0.000000E+0
2.416000E+3	4.000000E-7	-3.000000E-8
2.416000E+3	4.000000E-7	-3.000000E-8
2.416000E+3	4.300000E-7	-3.000000E-8
2.416000E+3	4.300000E-7	-3.000000E-8
2.416000E+3	4.300000E-7	-3.000000E-8
2.416000E+3	4.000000E-7	-3.000000E-8
2.416000E+3	3.800000E-7	-0.000000E+0
2.416000E+3	3.800000E-7	-8.000000E-8
2.416000E+3	3.800000E-7	-5.000000E-8
2.420000E+3	4.300000E-7	-3.000000E-8
2.420000E+3	4.300000E-7	0.000000E+0
2.420000E+3	4.300000E-7	-0.000000E+0
2.420000E+3	4.300000E-7	-3.000000E-8
2.420000E+3	4.000000E-7	0.000000E+0
2.420000E+3	4.300000E-7	0.000000E+0
2.420000E+3	4.300000E-7	-3.000000E-8
2.420000E+3	3.800000E-7	-5.000000E-8
2.420000E+3	4.000000E-7	0.000000E+0
2.420000E+3	4.300000E-7	-0.000000E+0
2.420000E+3	4.000000E-7	0.000000E+0
2.420000E+3	4.300000E-7	-3.000000E-8
2.420000E+3	4.300000E-7	-3.000000E-8
2.420000E+3	4.000000E-7	-5.000000E-8
2.420000E+3	4.300000E-7	-3.000000E-8
2.420000E+3	3.800000E-7	-3.000000E-8
2.420000E+3	4.300000E-7	-3.000000E-8
2.420000E+3	4.000000E-7	-5.000000E-8
2.420000E+3	4.300000E-7	-3.000000E-8
2.420000E+3	4.300000E-7	-8.000000E-8
2.424000E+3	4.300000E-7	0.000000E+0
2.424000E+3	4.300000E-7	-3.000000E-8
2.424000E+3	4.000000E-7	-0.000000E+0
2.424000E+3	4.000000E-7	-3.000000E-8
2.424000E+3	4.300000E-7	-8.000000E-8
2.424000E+3	4.300000E-7	-3.000000E-8
2.424000E+3	4.300000E-7	-0.000000E+0
2.424000E+3	4.300000E-7	0.000000E+0
2.424000E+3	4.300000E-7	-3.000000E-8
2.424000E+3	4.300000E-7	-0.000000E+0
2.424000E+3	4.500000E-7	-0.000000E+0
2.424000E+3	4.500000E-7	-5.000000E-8
2.424000E+3	4.500000E-7	-0.000000E+0
2.424000E+3	4.300000E-7	-3.000000E-8
2.424000E+3	4.500000E-7	-3.000000E-8
2.424000E+3	4.500000E-7	-3.000000E-8
2.424000E+3	4.500000E-7	-3.000000E-8
2.424000E+3	4.300000E-7	-5.000000E-8
2.424000E+3	4.300000E-7	-3.000000E-8
2.424000E+3	4.300000E-7	-3.000000E-8
2.428000E+3	4.300000E-7	0.000000E+0
2.428000E+3	4.500000E-7	-3.000000E-8
2.428000E+3	4.500000E-7	-3.000000E-8
2.428000E+3	4.500000E-7	-3.000000E-8
2.428000E+3	4.300000E-7	-3.000000E-8
2.428000E+3	4.300000E-7	-3.000000E-8
2.428000E+3	4.500000E-7	-3.000000E-8
2.428000E+3	4.300000E-7	-3.000000E-8
2.428000E+3	4.300000E-7	-0.000000E+0
2.428000E+3	4.300000E-7	-3.000000E-8
2.428000E+3	4.500000E-7	-8.000000E-8
2.428000E+3	4.300000E-7	-5.000000E-8
2.428000E+3	4.500000E-7	-3.000000E-8
2.428000E+3	4.300000E-7	-3.000000E-8
2.428000E+3	4.500000E-7	-3.000000E-8
2.428000E+3	4.500000E-7	-3.000000E-8
2.428000E+3	4.500000E-7	0.000000E+0
2.428000E+3	4.500000E-7	-0.000000E+0
2.428000E+3	4.500000E-7	-3.000000E-8
2.428000E+3	4.300000E-7	-3.000000E-8
2.432000E+3	4.300000E-7	-5.000000E-8
2.432000E+3	4.500000E-7	-0.000000E+0
2.432000E+3	4.500000E-7	-0.000000E+0
2.432000E+3	4.500000E-7	-3.000000E-8
2.432000E+3	5.000000E-7	-0.000000E+0
2.432000E+3	5.000000E-7	-5.000000E-8
2.432000E+3	4.500000E-7	-0.000000E+0
2.432000E+3	4.500000E-7	-3.000000E-8
2.432000E+3	4.500000E-7	-3.000000E-8
2.432000E+3	4.500000E-7	-3.000000E-8
2.432000E+3	5.000000E-7	-0.000000E+0
2.432000E+3	4.500000E-7	0.000000E+0
2.432000E+3	4.500000E-7	-3.000000E-8
2.432000E+3	4.500000E-7	-5.000000E-8
2.432000E+3	4.300000E-7	-3.000000E-8
2.432000E+3	4.500000E-7	-3.000000E-8
2.432000E+3	4.500000E-7	-3.000000E-8
2.432000E+3	4.300000E-7	-8.000000E-8
2.432000E+3	4.500000E-7	-3.000000E-8
2.432000E+3	4.500000E-7	-0.000000E+0
2.436000E+3	4.500000E-7	-3.000000E-8
2.436000E+3	4.500000E-7	0.000000E+0
2.436000E+3	5.000000E-7	-8.000000E-8
2.436000E+3	4.500000E-7	-3.000000E-8
2.436000E+3	4.500000E-7	-3.000000E-8
2.436000E+3	5.000000E-7	-3.000000E-8
2.436000E+3	5.000000E-7	0.000000E+0
2.436000E+3	5.000000E-7	-5.000000E-8
2.436000E+3	4.500000E-7	-3.000000E-8
2.436000E+3	5.000000E-7	-3.000000E-8
2.436000E+3	5.000000E-7	-3.000000E-8
2.436000E+3	5.000000E-7	-3.000000E-8
2.436000E+3	5.000000E-7	-3.000000E-8
2.436000E+3	4.500000E-7	-3.000000E-8
2.436000E+3	5.000000E-7	-3.000000E-8
2.436000E+3	5.000000E-7	-0.000000E+0
2.436000E+3	4.500000E-7	-3.000000E-8
2.436000E+3	4.500000E-7	0.000000E+0
2.436000E+3	5.000000E-7	0.000000E+0
2.436000E+3	4.500000E-7	0.000000E+0
2.440000E+3	5.000000E-7	-5.000000E-8
2.440000E+3	5.300000E-7	-3.000000E-8
2.440000E+3	5.500000E-7	-3.000000E-8
2.440000E+3	5.000000E-7	-3.000000E-8
2.440000E+3	5.000000E-7	-3.000000E-8
2.440000E+3	5.300000E-7	-3.000000E-8
2.440000E+3	5.300000E-7	-3.000000E-8
2.440000E+3	5.300000E-7	0.000000E+0
2.440000E+3	5.300000E-7	-3.000000E-8
2.440000E+3	5.300000E-7	-3.000000E-8
2.440000E+3	5.300000E-7	-3.000000E-8
2.440000E+3	5.000000E-7	-3.000000E-8
2.440000E+3	5.300000E-7	-0.000000E+0
2.440000E+3	5.300000E-7	-0.000000E+0
2.440000E+3	5.300000E-7	0.000000E+0
2.440000E+3	5.000000E-7	0.000000E+0
2.440000E+3	5.000000E-7	0.000000E+0
2.440000E+3	5.000000E-7	-0.000000E+0
2.440000E+3	5.000000E-7	-3.000000E-8
2.440000E+3	5.000000E-7	-3.000000E-8
2.444000E+3	5.300000E-7	-0.000000E+0
2.444000E+3	5.300000E-7	-3.000000E-8
2.444000E+3	5.500000E-7	-3.000000E-8
2.444000E+3	5.000000E-7	-0.000000E+0
2.444000E+3	5.300000E-7	-0.000000E+0
2.444000E+3	5.300000E-7	-0.000000E+0
2.444000E+3	5.300000E-7	-3.000000E-8
2.444000E+3	5.500000E-7	-5.000000E-8
2.444000E+3	5.300000E-7	-0.000000E+0
2.444000E+3	5.500000E-7	-5.000000E-8
2.444000E+3	5.300000E-7	-0.000000E+0
2.444000E+3	5.500000E-7	-3.000000E-8
2.444000E+3	5.300000E-7	-0.000000E+0
2.444000E+3	5.300000E-7	0.000000E+0
2.444000E+3	5.300000E-7	-0.000000E+0
2.444000E+3	5.500000E-7	-0.000000E+0
2.444000E+3	5.500000E-7	-5.000000E-8
2.444000E+3	5.000000E-7	-3.000000E-8
2.444000E+3	5.300000E-7	-3.000000E-8
2.444000E+3	5.300000E-7	-5.000000E-8
2.448000E+3	5.300000E-7	-0.000000E+0
2.448000E+3	5.500000E-7	0.000000E+0
2.448000E+3	5.500000E-7	-0.000000E+0
2.448000E+3	5.800000E-7	-3.000000E-8
2.448000E+3	5.500000E-7	-3.000000E-8
2.448000E+3	5.300000E-7	-3.000000E-8
2.448000E+3	5.500000E-7	0.000000E+0
2.448000E+3	5.800000E-7	-3.000000E-8
2.448000E+3	5.800000E-7	-3.000000E-8
2.448000E+3	5.500000E-7	-5.000000E-8
2.448000E+3	5.500000E-7	-3.000000E-8
2.448000E+3	5.800000E-7	-3.000000E-8
2.448000E+3	5.500000E-7	-5.000000E-8
2.448000E+3	5.500000E-7	-3.000000E-8
2.448000E+3	5.800000E-7	-3.000000E-8
2.448000E+3	5.800000E-7	-3.000000E-8
2.448000E+3	5.800000E-7	-3.000000E-8
2.448000E+3	5.500000E-7	0.000000E+0
2.448000E+3	5.800000E-7	-5.000000E-8
2.448000E+3	5.500000E-7	-3.000000E-8
2.452000E+3	6.300000E-7	-0.000000E+0
2.452000E+3	5.800000E-7	-3.000000E-8
2.452000E+3	6.300000E-7	-3.000000E-8
2.452000E+3	5.800000E-7	-3.000000E-8
2.452000E+3	5.800000E-7	-0.000000E+0
2.452000E+3	6.300000E-7	-3.000000E-8
2.452000E+3	5.800000E-7	-5.000000E-8
2.452000E+3	5.800000E-7	0.000000E+0
2.452000E+3	5.800000E-7	-5.000000E-8
2.452000E+3	5.500000E-7	-3.000000E-8
2.452000E+3	5.800000E-7	-0.000000E+0
2.452000E+3	5.800000E-7	-3.000000E-8
2.452000E+3	5.800000E-7	0.000000E+0
2.452000E+3	5.800000E-7	0.000000E+0
2.452000E+3	5.500000E-7	-3.000000E-8
2.452000E+3	5.500000E-7	-3.000000E-8
2.452000E+3	5.800000E-7	-3.000000E-8
2.452000E+3	5.800000E-7	-3.000000E-8
2.452000E+3	5.800000E-7	-5.000000E-8
2.452000E+3	5.800000E-7	-0.000000E+0
2.456000E+3	6.300000E-7	-0.000000E+0
2.456000E+3	6.300000E-7	0.000000E+0
2.456000E+3	6.300000E-7	0.000000E+0
2.456000E+3	6.500000E-7	0.000000E+0
2.456000E+3	6.500000E-7	-3.000000E-8
2.456000E+3	6.300000E-7	0.000000E+0
2.456000E+3	6.300000E-7	0.000000E+0
2.456000E+3	6.300000E-7	-0.000000E+0
2.456000E+3	5.500000E-7	-5.000000E-8
2.456000E+3	6.500000E-7	-3.000000E-8
2.456000E+3	6.500000E-7	0.000000E+0
2.456000E+3	5.800000E-7	0.000000E+0
2.456000E+3	6.300000E-7	0.000000E+0
2.456000E+3	6.500000E-7	-3.000000E-8
2.456000E+3	6.300000E-7	-5.000000E-8
2.456000E+3	6.300000E-7	0.000000E+0
2.456000E+3	6.300000E-7	-3.000000E-8
2.456000E+3	6.300000E-7	-3.000000E-8
2.456000E+3	6.300000E-7	-3.000000E-8
2.456000E+3	6.300000E-7	0.000000E+0
2.460000E+3	6.300000E-7	-0.000000E+0
2.460000E+3	6.800000E-7	0.000000E+0
2.460000E+3	6.500000E-7	-3.000000E-8
2.460000E+3	6.800000E-7	-0.000000E+0
2.460000E+3	6.500000E-7	-0.000000E+0
2.460000E+3	6.500000E-7	0.000000E+0
2.460000E+3	6.500000E-7	-3.000000E-8
2.460000E+3	6.500000E-7	0.000000E+0
2.460000E+3	6.500000E-7	-3.000000E-8
2.460000E+3	6.800000E-7	0.000000E+0
2.460000E+3	6.300000E-7	0.000000E+0
2.460000E+3	6.300000E-7	-0.000000E+0
2.460000E+3	6.300000E-7	-0.000000E+0
2.460000E+3	6.800000E-7	-0.000000E+0
2.460000E+3	6.500000E-7	3.000000E-8
2.460000E+3	6.500000E-7	-0.000000E+0
2.460000E+3	6.300000E-7	-3.000000E-8
2.460000E+3	6.500000E-7	0.000000E+0
2.460000E+3	6.500000E-7	-0.000000E+0
2.460000E+3	6.500000E-7	-5.000000E-8
2.464000E+3	6.800000E-7	-3.000000E-8
2.464000E+3	7.000000E-7	0.000000E+0
2.464000E+3	6.800000E-7	-3.000000E-8
2.464000E+3	6.500000E-7	-5.000000E-8
2.464000E+3	6.800000E-7	0.000000E+0
2.464000E+3	6.800000E-7	-3.000000E-8
2.464000E+3	6.800000E-7	0.000000E+0
2.464000E+3	6.800000E-7	-3.000000E-8
2.464000E+3	6.800000E-7	-3.000000E-8
2.464000E+3	6.800000E-7	-3.000000E-8
2.464000E+3	6.800000E-7	0.000000E+0
2.464000E+3	6.800000E-7	-3.000000E-8
2.464000E+3	6.800000E-7	-0.000000E+0
2.464000E+3	6.800000E-7	0.000000E+0
2.464000E+3	6.800000E-7	0.000000E+0
2.464000E+3	6.800000E-7	0.000000E+0
2.464000E+3	6.800000E-7	0.000000E+0
2.464000E+3	6.800000E-7	-0.000000E+0
2.464000E+3	6.800000E-7	-3.000000E-8
2.464000E+3	6.800000E-7	0.000000E+0
2.468000E+3	6.800000E-7	0.000000E+0
2.468000E+3	7.500000E-7	0.000000E+0
2.468000E+3	7.500000E-7	0.000000E+0
2.468000E+3	7.000000E-7	3.000000E-8
2.468000E+3	7.500000E-7	0.000000E+0
2.468000E+3	7.000000E-7	0.000000E+0
2.468000E+3	7.000000E-7	0.000000E+0
2.468000E+3	7.000000E-7	0.000000E+0
2.468000E+3	7.000000E-7	0.000000E+0
2.468000E+3	7.000000E-7	0.000000E+0
2.468000E+3	7.000000E-7	3.000000E-8
2.468000E+3	7.000000E-7	0.000000E+0
2.468000E+3	7.000000E-7	0.000000E+0
2.468000E+3	7.500000E-7	3.000000E-8
2.468000E+3	6.800000E-7	0.000000E+0
2.468000E+3	7.000000E-7	3.000000E-8
2.468000E+3	7.500000E-7	0.000000E+0
2.468000E+3	7.000000E-7	-0.000000E+0
2.468000E+3	7.000000E-7	0.000000E+0
2.468000E+3	7.000000E-7	0.000000E+0
2.472000E+3	7.500000E-7	0.000000E+0
2.472000E+3	7.500000E-7	0.000000E+0
2.472000E+3	7.500000E-7	-0.000000E+0
2.472000E+3	7.500000E-7	0.000000E+0
2.472000E+3	7.500000E-7	0.000000E+0
2.472000E+3	7.800000E-7	0.000000E+0
2.472000E+3	7.500000E-7	-0.000000E+0
2.472000E+3	7.500000E-7	0.000000E+0
2.472000E+3	7.500000E-7	0.000000E+0
2.472000E+3	7.500000E-7	0.000000E+0
2.472000E+3	7.800000E-7	0.000000E+0
2.472000E+3	7.800000E-7	0.000000E+0
2.472000E+3	7.500000E-7	0.000000E+0
2.472000E+3	7.500000E-7	0.000000E+0
2.472000E+3	7.500000E-7	3.000000E-8
2.472000E+3	7.000000E-7	-3.000000E-8
2.472000E+3	7.800000E-7	0.000000E+0
2.472000E+3	7.800000E-7	-0.000000E+0
2.472000E+3	7.800000E-7	0.000000E+0
2.472000E+3	8.000000E-7	-0.000000E+0
2.476000E+3	6.500000E-7	1.500000E-7
2.476000E+3	7.500000E-7	1.300000E-7
2.476000E+3	6.800000E-7	5.000000E-8
2.476000E+3	6.300000E-7	1.800000E-7
2.476000E+3	8.800000E-7	5.000000E-8
2.476000E+3	9.300000E-7	-2.000000E-7
2.476000E+3	6.800000E-7	5.000000E-8
2.476000E+3	6.500000E-7	3.300000E-7
2.476000E+3	8.000000E-7	3.300000E-7
2.476000E+3	5.800000E-7	5.000000E-8
2.476000E+3	5.000000E-7	-2.800000E-7
2.476000E+3	1.050000E-6	2.500000E-7
2.476000E+3	5.800000E-7	-5.000000E-8
2.476000E+3	7.500000E-7	-1.800000E-7
2.476000E+3	1.000000E-6	1.500000E-7
2.476000E+3	5.500000E-7	-2.800000E-7
2.476000E+3	1.130000E-6	2.500000E-7
2.476000E+3	8.800000E-7	3.800000E-7
2.476000E+3	8.300000E-7	3.800000E-7
2.476000E+3	9.500000E-7	3.300000E-7
2.480000E+3	1.050000E-6	5.000000E-8
2.480000E+3	8.300000E-7	0.000000E+0
2.480000E+3	8.800000E-7	0.000000E+0
2.480000E+3	8.300000E-7	0.000000E+0
2.480000E+3	8.800000E-7	3.000000E-8
2.480000E+3	8.300000E-7	0.000000E+0
2.480000E+3	8.300000E-7	0.000000E+0
2.480000E+3	8.800000E-7	3.000000E-8
2.480000E+3	8.800000E-7	3.000000E-8
2.480000E+3	8.800000E-7	0.000000E+0
2.480000E+3	8.800000E-7	3.000000E-8
2.480000E+3	8.800000E-7	0.000000E+0
2.480000E+3	8.800000E-7	0.000000E+0
2.480000E+3	8.300000E-7	0.000000E+0
2.480000E+3	8.800000E-7	0.000000E+0
2.480000E+3	8.300000E-7	0.000000E+0
2.480000E+3	8.800000E-7	0.000000E+0
2.480000E+3	8.800000E-7	3.000000E-8
2.480000E+3	8.800000E-7	0.000000E+0
2.480000E+3	8.000000E-7	0.000000E+0
2.484000E+3	8.300000E-7	3.000000E-8
2.484000E+3	9.300000E-7	0.000000E+0
2.484000E+3	8.800000E-7	3.000000E-8
2.484000E+3	9.000000E-7	0.000000E+0
2.484000E+3	9.000000E-7	3.000000E-8
2.484000E+3	9.000000E-7	0.000000E+0
2.484000E+3	8.800000E-7	3.000000E-8
2.484000E+3	9.000000E-7	0.000000E+0
2.484000E+3	9.000000E-7	0.000000E+0
2.484000E+3	9.300000E-7	0.000000E+0
2.484000E+3	9.300000E-7	0.000000E+0
2.484000E+3	9.000000E-7	3.000000E-8
2.484000E+3	9.300000E-7	3.000000E-8
2.484000E+3	9.300000E-7	3.000000E-8
2.484000E+3	9.000000E-7	3.000000E-8
2.484000E+3	9.000000E-7	3.000000E-8
2.484000E+3	9.300000E-7	0.000000E+0
2.484000E+3	9.000000E-7	0.000000E+0
2.484000E+3	8.800000E-7	5.000000E-8
2.484000E+3	9.300000E-7	3.000000E-8
2.488000E+3	9.300000E-7	5.000000E-8
2.488000E+3	9.500000E-7	5.000000E-8
2.488000E+3	9.500000E-7	3.000000E-8
2.488000E+3	9.500000E-7	5.000000E-8
2.488000E+3	9.500000E-7	0.000000E+0
2.488000E+3	9.500000E-7	0.000000E+0
2.488000E+3	9.300000E-7	3.000000E-8
2.488000E+3	9.500000E-7	3.000000E-8
2.488000E+3	9.300000E-7	0.000000E+0
2.488000E+3	9.500000E-7	3.000000E-8
2.488000E+3	9.500000E-7	0.000000E+0
2.488000E+3	9.500000E-7	5.000000E-8
2.488000E+3	9.500000E-7	3.000000E-8
2.488000E+3	9.500000E-7	3.000000E-8
2.488000E+3	9.500000E-7	-3.000000E-8
2.488000E+3	9.500000E-7	5.000000E-8
2.488000E+3	9.500000E-7	0.000000E+0
2.488000E+3	9.500000E-7	3.000000E-8
2.488000E+3	9.300000E-7	3.000000E-8
2.488000E+3	9.500000E-7	3.000000E-8
2.492000E+3	9.500000E-7	5.000000E-8
2.492000E+3	1.030000E-6	5.000000E-8
2.492000E+3	1.030000E-6	3.000000E-8
2.492000E+3	1.030000E-6	5.000000E-8
2.492000E+3	1.000000E-6	5.000000E-8
2.492000E+3	1.030000E-6	0.000000E+0
2.492000E+3	1.000000E-6	5.000000E-8
2.492000E+3	1.030000E-6	5.000000E-8
2.492000E+3	1.000000E-6	5.000000E-8
2.492000E+3	1.000000E-6	0.000000E+0
2.492000E+3	1.000000E-6	5.000000E-8
2.492000E+3	1.000000E-6	3.000000E-8
2.492000E+3	1.030000E-6	5.000000E-8
2.492000E+3	1.030000E-6	8.000000E-8
2.492000E+3	1.000000E-6	5.000000E-8
2.492000E+3	1.000000E-6	5.000000E-8
2.492000E+3	1.030000E-6	5.000000E-8
2.492000E+3	1.000000E-6	5.000000E-8
2.492000E+3	9.500000E-7	5.000000E-8
2.492000E+3	1.030000E-6	5.000000E-8
2.496000E+3	1.050000E-6	8.000000E-8
2.496000E+3	1.130000E-6	8.000000E-8
2.496000E+3	1.130000E-6	5.000000E-8
2.496000E+3	1.080000E-6	3.000000E-8
2.496000E+3	1.050000E-6	8.000000E-8
2.496000E+3	1.080000E-6	5.000000E-8
2.496000E+3	1.080000E-6	5.000000E-8
2.496000E+3	1.080000E-6	5.000000E-8
2.496000E+3	1.080000E-6	5.000000E-8
2.496000E+3	1.080000E-6	3.000000E-8
2.496000E+3	1.080000E-6	5.000000E-8
2.496000E+3	1.050000E-6	5.000000E-8
2.496000E+3	1.080000E-6	8.000000E-8
2.496000E+3	1.080000E-6	3.000000E-8
2.496000E+3	1.080000E-6	5.000000E-8
2.496000E+3	1.050000E-6	3.000000E-8
2.496000E+3	1.050000E-6	3.000000E-8
2.496000E+3	1.050000E-6	5.000000E-8
2.496000E+3	1.130000E-6	5.000000E-8
2.496000E+3	1.130000E-6	5.000000E-8
2.500000E+3	1.080000E-6	8.000000E-8
2.500000E+3	1.030000E-6	2.800000E-7
2.500000E+3	1.300000E-6	-5.000000E-8
2.500000E+3	1.050000E-6	8.000000E-8
2.500000E+3	1.180000E-6	3.000000E-8
2.500000E+3	1.200000E-6	0.000000E+0
2.500000E+3	1.080000E-6	1.500000E-7
2.500000E+3	1.200000E-6	3.000000E-8
2.500000E+3	1.130000E-6	5.000000E-8
2.500000E+3	1.200000E-6	-0.000000E+0
2.500000E+3	1.130000E-6	2.500000E-7
2.500000E+3	1.330000E-6	-0.000000E+0
2.500000E+3	1.000000E-6	2.800000E-7
2.500000E+3	1.300000E-6	0.000000E+0
2.500000E+3	1.150000E-6	8.000000E-8
2.500000E+3	1.180000E-6	8.000000E-8
2.500000E+3	1.180000E-6	5.000000E-8
2.500000E+3	1.130000E-6	1.300000E-7
2.500000E+3	1.250000E-6	3.000000E-8
2.500000E+3	1.150000E-6	8.000000E-8
2.504000E+3	1.200000E-6	8.000000E-8
2.504000E+3	1.250000E-6	1.300000E-7
2.504000E+3	1.250000E-6	1.300000E-7
2.504000E+3	1.250000E-6	1.300000E-7
2.504000E+3	1.280000E-6	1.300000E-7
2.504000E+3	1.280000E-6	1.300000E-7
2.504000E+3	1.280000E-6	1.500000E-7
2.504000E+3	1.280000E-6	5.000000E-8
2.504000E+3	1.280000E-6	1.300000E-7
2.504000E+3	1.280000E-6	1.500000E-7
2.504000E+3	1.280000E-6	1.500000E-7
2.504000E+3	1.280000E-6	1.500000E-7
2.504000E+3	1.250000E-6	1.300000E-7
2.504000E+3	1.300000E-6	1.300000E-7
2.504000E+3	1.250000E-6	1.300000E-7
2.504000E+3	1.250000E-6	1.300000E-7
2.504000E+3	1.300000E-6	8.000000E-8
2.504000E+3	1.280000E-6	1.300000E-7
2.504000E+3	1.280000E-6	1.300000E-7
2.504000E+3	1.300000E-6	1.300000E-7
2.508000E+3	1.300000E-6	1.500000E-7
2.508000E+3	1.380000E-6	1.500000E-7
2.508000E+3	1.380000E-6	1.500000E-7
2.508000E+3	1.380000E-6	1.500000E-7
2.508000E+3	1.380000E-6	1.800000E-7
2.508000E+3	1.400000E-6	1.500000E-7
2.508000E+3	1.380000E-6	1.800000E-7
2.508000E+3	1.400000E-6	1.500000E-7
2.508000E+3	1.380000E-6	1.800000E-7
2.508000E+3	1.400000E-6	1.800000E-7
2.508000E+3	1.400000E-6	1.500000E-7
2.508000E+3	1.400000E-6	1.500000E-7
2.508000E+3	1.380000E-6	1.800000E-7
2.508000E+3	1.380000E-6	1.500000E-7
2.508000E+3	1.380000E-6	1.800000E-7
2.508000E+3	1.380000E-6	1.300000E-7
2.508000E+3	1.380000E-6	1.500000E-7
2.508000E+3	1.400000E-6	1.800000E-7
2.508000E+3	1.380000E-6	1.800000E-7
2.508000E+3	1.400000E-6	1.500000E-7
2.512000E+3	1.400000E-6	2.500000E-7
2.512000E+3	1.450000E-6	2.000000E-7
2.512000E+3	1.500000E-6	2.500000E-7
2.512000E+3	1.450000E-6	2.000000E-7
2.512000E+3	1.450000E-6	2.500000E-7
2.512000E+3	1.530000E-6	2.000000E-7
2.512000E+3	1.450000E-6	2.500000E-7
2.512000E+3	1.500000E-6	2.500000E-7
2.512000E+3	1.450000E-6	2.500000E-7
2.512000E+3	1.500000E-6	2.000000E-7
2.512000E+3	1.500000E-6	3.000000E-7
2.512000E+3	1.450000E-6	2.500000E-7
2.512000E+3	1.500000E-6	2.800000E-7
2.512000E+3	1.630000E-6	1.300000E-7
2.512000E+3	1.680000E-6	4.000000E-7
2.512000E+3	1.580000E-6	3.300000E-7
2.512000E+3	1.450000E-6	2.500000E-7
2.512000E+3	1.500000E-6	2.000000E-7
2.512000E+3	1.530000E-6	2.000000E-7
2.512000E+3	1.500000E-6	2.500000E-7
2.516000E+3	1.530000E-6	3.000000E-7
2.516000E+3	1.650000E-6	3.000000E-7
2.516000E+3	1.630000E-6	3.300000E-7
2.516000E+3	1.650000E-6	3.000000E-7
2.516000E+3	1.630000E-6	3.000000E-7
2.516000E+3	1.650000E-6	2.800000E-7
2.516000E+3	1.630000E-6	3.000000E-7
2.516000E+3	1.630000E-6	1.300000E-7
2.516000E+3	1.500000E-6	4.500000E-7
2.516000E+3	1.880000E-6	1.300000E-7
2.516000E+3	1.500000E-6	3.800000E-7
2.516000E+3	1.650000E-6	3.800000E-7
2.516000E+3	1.800000E-6	8.000000E-8
2.516000E+3	1.380000E-6	5.500000E-7
2.516000E+3	1.880000E-6	2.800000E-7
2.516000E+3	1.630000E-6	3.000000E-7
2.516000E+3	1.650000E-6	2.800000E-7
2.516000E+3	1.630000E-6	3.800000E-7
2.516000E+3	1.630000E-6	3.300000E-7
2.516000E+3	1.650000E-6	3.000000E-7
2.520000E+3	1.800000E-6	5.800000E-7
2.520000E+3	1.950000E-6	5.000000E-7
2.520000E+3	1.830000E-6	3.800000E-7
2.520000E+3	1.830000E-6	3.300000E-7
2.520000E+3	1.800000E-6	3.300000E-7
2.520000E+3	1.780000E-6	4.000000E-7
2.520000E+3	1.880000E-6	3.800000E-7
2.520000E+3	1.830000E-6	3.300000E-7
2.520000E+3	1.830000E-6	3.800000E-7
2.520000E+3	1.780000E-6	3.000000E-7
2.520000E+3	1.830000E-6	3.300000E-7
2.520000E+3	1.780000E-6	3.800000E-7
2.520000E+3	1.800000E-6	3.800000E-7
2.520000E+3	1.830000E-6	3.800000E-7
2.520000E+3	1.800000E-6	3.800000E-7
2.520000E+3	1.800000E-6	3.300000E-7
2.520000E+3	1.930000E-6	4.000000E-7
2.520000E+3	1.800000E-6	3.300000E-7
2.520000E+3	1.800000E-6	3.800000E-7
2.520000E+3	1.800000E-6	3.300000E-7
2.524000E+3	1.950000E-6	4.000000E-7
2.524000E+3	2.330000E-6	-8.000000E-8
2.524000E+3	1.280000E-6	1.180000E-6
2.524000E+3	2.130000E-6	5.500000E-7
2.524000E+3	1.950000E-6	5.800000E-7
2.524000E+3	1.950000E-6	5.800000E-7
2.524000E+3	1.950000E-6	5.500000E-7
2.524000E+3	2.080000E-6	5.500000E-7
2.524000E+3	1.950000E-6	5.800000E-7
2.524000E+3	1.950000E-6	5.300000E-7
2.524000E+3	1.950000E-6	5.500000E-7
2.524000E+3	2.000000E-6	5.300000E-7
2.524000E+3	2.030000E-6	5.500000E-7
2.524000E+3	2.130000E-6	5.800000E-7
2.524000E+3	2.000000E-6	6.500000E-7
2.524000E+3	2.030000E-6	5.000000E-7
2.524000E+3	2.000000E-6	5.800000E-7
2.524000E+3	2.080000E-6	4.000000E-7
2.524000E+3	1.880000E-6	6.500000E-7
2.524000E+3	2.080000E-6	4.300000E-7
2.528000E+3	2.000000E-6	7.500000E-7
2.528000E+3	2.250000E-6	7.500000E-7
2.528000E+3	2.250000E-6	8.000000E-7
2.528000E+3	2.280000E-6	7.800000E-7
2.528000E+3	2.300000E-6	8.000000E-7
2.528000E+3	2.180000E-6	7.800000E-7
2.528000E+3	2.250000E-6	7.500000E-7
2.528000E+3	2.200000E-6	8.000000E-7
2.528000E+3	2.250000E-6	6.800000E-7
2.528000E+3	2.200000E-6	7.500000E-7
2.528000E+3	2.200000E-6	7.800000E-7
2.528000E+3	2.200000E-6	8.000000E-7
2.528000E+3	2.180000E-6	8.000000E-7
2.528000E+3	2.180000E-6	7.000000E-7
2.528000E+3	2.250000E-6	8.000000E-7
2.528000E+3	2.200000E-6	7.500000E-7
2.528000E+3	2.200000E-6	8.000000E-7
2.528000E+3	2.280000E-6	8.000000E-7
2.528000E+3	2.180000E-6	7.500000E-7
2.528000E+3	2.280000E-6	8.000000E-7
2.532000E+3	2.200000E-6	1.130000E-6
2.532000E+3	2.430000E-6	1.180000E-6
2.532000E+3	2.400000E-6	1.150000E-6
2.532000E+3	2.450000E-6	1.180000E-6
2.532000E+3	2.400000E-6	1.180000E-6
2.532000E+3	2.430000E-6	1.150000E-6
2.532000E+3	2.380000E-6	1.180000E-6
2.532000E+3	2.430000E-6	1.200000E-6
2.532000E+3	2.430000E-6	1.130000E-6
2.532000E+3	2.400000E-6	1.180000E-6
2.532000E+3	2.450000E-6	1.150000E-6
2.532000E+3	2.400000E-6	1.080000E-6
2.532000E+3	2.500000E-6	1.080000E-6
2.532000E+3	2.430000E-6	1.130000E-6
2.532000E+3	2.430000E-6	1.180000E-6
2.532000E+3	2.430000E-6	1.150000E-6
2.532000E+3	2.450000E-6	1.180000E-6
2.532000E+3	2.430000E-6	1.150000E-6
2.532000E+3	2.430000E-6	1.130000E-6
2.532000E+3	2.400000E-6	1.080000E-6
2.536000E+3	2.400000E-6	1.530000E-6
2.536000E+3	2.400000E-6	1.630000E-6
2.536000E+3	2.330000E-6	1.550000E-6
2.536000E+3	2.330000E-6	1.630000E-6
2.536000E+3	2.380000E-6	1.550000E-6
2.536000E+3	2.400000E-6	1.580000E-6
2.536000E+3	2.300000E-6	1.630000E-6
2.536000E+3	2.330000E-6	1.550000E-6
2.536000E+3	2.500000E-6	1.430000E-6
2.536000E+3	2.180000E-6	1.750000E-6
2.536000E+3	2.330000E-6	1.750000E-6
2.536000E+3	2.550000E-6	1.500000E-6
2.536000E+3	2.400000E-6	1.380000E-6
2.536000E+3	2.280000E-6	1.550000E-6
2.536000E+3	2.200000E-6	1.650000E-6
2.536000E+3	2.250000E-6	1.430000E-6
2.536000E+3	2.250000E-6	1.300000E-6
2.536000E+3	2.500000E-6	1.450000E-6
2.536000E+3	2.680000E-6	1.680000E-6
2.536000E+3	2.630000E-6	1.830000E-6
2.540000E+3	2.430000E-6	1.700000E-6
2.540000E+3	2.580000E-6	1.630000E-6
2.540000E+3	2.630000E-6	1.650000E-6
2.540000E+3	2.580000E-6	1.580000E-6
2.540000E+3	2.650000E-6	1.680000E-6
2.540000E+3	2.630000E-6	1.700000E-6
2.540000E+3	2.580000E-6	1.680000E-6
2.540000E+3	2.630000E-6	1.700000E-6
2.540000E+3	2.580000E-6	1.680000E-6
2.540000E+3	2.580000E-6	1.700000E-6
2.540000E+3	2.630000E-6	1.680000E-6
2.540000E+3	2.580000E-6	1.650000E-6
2.540000E+3	2.580000E-6	1.680000E-6
2.540000E+3	2.580000E-6	1.650000E-6
2.540000E+3	2.630000E-6	1.680000E-6
2.540000E+3	2.580000E-6	1.630000E-6
2.540000E+3	2.630000E-6	1.650000E-6
2.540000E+3	2.650000E-6	1.650000E-6
2.540000E+3	2.580000E-6	1.680000E-6
2.540000E+3	2.650000E-6	1.650000E-6
2.544000E+3	2.630000E-6	2.430000E-6
2.544000E+3	3.000000E-6	2.500000E-6
2.544000E+3	3.080000E-6	2.330000E-6
2.544000E+3	2.950000E-6	2.380000E-6
2.544000E+3	3.030000E-6	2.380000E-6
2.544000E+3	3.050000E-6	2.380000E-6
2.544000E+3	3.000000E-6	2.330000E-6
2.544000E+3	3.080000E-6	2.330000E-6
2.544000E+3	3.050000E-6	2.380000E-6
2.544000E+3	3.050000E-6	2.400000E-6
2.544000E+3	3.050000E-6	2.380000E-6
2.544000E+3	3.080000E-6	2.380000E-6
2.544000E+3	3.050000E-6	2.380000E-6
2.544000E+3	3.050000E-6	2.380000E-6
2.544000E+3	3.050000E-6	2.380000E-6
2.544000E+3	3.080000E-6	2.330000E-6
2.544000E+3	3.130000E-6	2.380000E-6
2.544000E+3	3.080000E-6	2.330000E-6
2.544000E+3	3.050000E-6	2.400000E-6
2.544000E+3	3.050000E-6	2.380000E-6
2.548000E+3	3.000000E-6	3.400000E-6
2.548000E+3	2.930000E-6	3.680000E-6
2.548000E+3	3.000000E-6	3.580000E-6
2.548000E+3	2.930000E-6	3.680000E-6
2.548000E+3	2.950000E-6	3.650000E-6
2.548000E+3	3.000000E-6	3.500000E-6
2.548000E+3	2.930000E-6	3.500000E-6
2.548000E+3	3.050000E-6	3.700000E-6
2.548000E+3	3.050000E-6	3.680000E-6
2.548000E+3	2.800000E-6	3.630000E-6
2.548000E+3	2.950000E-6	3.550000E-6
2.548000E+3	3.180000E-6	3.750000E-6
2.548000E+3	3.050000E-6	3.630000E-6
2.548000E+3	2.900000E-6	3.550000E-6
2.548000E+3	2.930000E-6	3.680000E-6
2.548000E+3	2.950000E-6	3.650000E-6
2.548000E+3	3.000000E-6	3.630000E-6
2.548000E+3	3.030000E-6	3.580000E-6
2.548000E+3	3.000000E-6	3.580000E-6
2.548000E+3	2.900000E-6	3.750000E-6
2.552000E+3	2.780000E-6	4.800000E-6
2.552000E+3	2.000000E-6	5.080000E-6
2.552000E+3	2.000000E-6	5.130000E-6
2.552000E+3	2.150000E-6	5.000000E-6
2.552000E+3	2.180000E-6	4.930000E-6
2.552000E+3	2.050000E-6	4.950000E-6
2.552000E+3	2.050000E-6	5.000000E-6
2.552000E+3	2.050000E-6	4.950000E-6
2.552000E+3	2.080000E-6	5.000000E-6
2.552000E+3	2.080000E-6	4.950000E-6
2.552000E+3	2.080000E-6	4.930000E-6
2.552000E+3	2.150000E-6	4.930000E-6
2.552000E+3	2.050000E-6	5.000000E-6
2.552000E+3	2.080000E-6	5.000000E-6
2.552000E+3	2.050000E-6	5.000000E-6
2.552000E+3	2.150000E-6	4.950000E-6
2.552000E+3	2.130000E-6	4.950000E-6
2.552000E+3	2.130000E-6	4.950000E-6
2.552000E+3	2.130000E-6	4.950000E-6
2.552000E+3	2.080000E-6	4.950000E-6
2.556000E+3	1.580000E-6	5.550000E-6
2.556000E+3	2.800000E-7	5.630000E-6
2.556000E+3	2.800000E-7	5.630000E-6
2.556000E+3	2.500000E-7	5.630000E-6
2.556000E+3	3.000000E-7	5.630000E-6
2.556000E+3	3.800000E-7	5.580000E-6
2.556000E+3	4.000000E-7	5.580000E-6
2.556000E+3	3.800000E-7	5.630000E-6
2.556000E+3	4.000000E-7	5.630000E-6
2.556000E+3	3.000000E-7	5.550000E-6
2.556000E+3	3.000000E-7	5.680000E-6
2.556000E+3	4.500000E-7	5.530000E-6
2.556000E+3	2.500000E-7	5.750000E-6
2.556000E+3	4.500000E-7	5.530000E-6
2.556000E+3	4.000000E-7	5.550000E-6
2.556000E+3	3.300000E-7	5.580000E-6
2.556000E+3	2.500000E-7	5.750000E-6
2.556000E+3	3.000000E-7	5.700000E-6
2.556000E+3	4.500000E-7	5.550000E-6
2.556000E+3	4.000000E-7	5.500000E-6
2.560000E+3	0.000000E+0	5.130000E-6
2.560000E+3	-1.250000E-6	5.030000E-6
2.560000E+3	-1.400000E-6	4.950000E-6
2.560000E+3	-1.430000E-6	5.080000E-6
2.560000E+3	-1.450000E-6	5.050000E-6
2.560000E+3	-1.500000E-6	5.130000E-6
2.560000E+3	-1.300000E-6	5.000000E-6
2.560000E+3	-1.500000E-6	5.030000E-6
2.560000E+3	-1.430000E-6	5.080000E-6
2.560000E+3	-1.450000E-6	5.050000E-6
2.560000E+3	-1.430000E-6	5.050000E-6
2.560000E+3	-1.400000E-6	5.000000E-6
2.560000E+3	-1.430000E-6	5.050000E-6
2.560000E+3	-1.450000E-6	5.050000E-6
2.560000E+3	-1.430000E-6	5.050000E-6
2.560000E+3	-1.400000E-6	5.050000E-6
2.560000E+3	-1.400000E-6	5.080000E-6
2.560000E+3	-1.450000E-6	5.130000E-6
2.560000E+3	-1.430000E-6	5.050000E-6
2.560000E+3	-1.450000E-6	5.030000E-6
2.564000E+3	-1.700000E-6	4.130000E-6
2.564000E+3	-2.400000E-6	3.930000E-6
2.564000E+3	-2.250000E-6	3.950000E-6
2.564000E+3	-2.250000E-6	4.030000E-6
2.564000E+3	-2.300000E-6	4.000000E-6
2.564000E+3	-2.280000E-6	3.950000E-6
2.564000E+3	-2.250000E-6	3.950000E-6
2.564000E+3	-2.250000E-6	3.950000E-6
2.564000E+3	-2.200000E-6	3.950000E-6
2.564000E+3	-2.280000E-6	3.930000E-6
2.564000E+3	-2.280000E-6	4.030000E-6
2.564000E+3	-2.300000E-6	3.930000E-6
2.564000E+3	-2.280000E-6	3.950000E-6
2.564000E+3	-2.380000E-6	3.930000E-6
2.564000E+3	-2.300000E-6	3.950000E-6
2.564000E+3	-2.330000E-6	3.950000E-6
2.564000E+3	-2.280000E-6	3.930000E-6
2.564000E+3	-2.280000E-6	4.000000E-6
2.564000E+3	-2.280000E-6	4.030000E-6
2.564000E+3	-2.200000E-6	3.930000E-6
2.568000E+3	-2.400000E-6	3.050000E-6
2.568000E+3	-2.530000E-6	2.930000E-6
2.568000E+3	-2.580000E-6	2.950000E-6
2.568000E+3	-2.580000E-6	2.950000E-6
2.568000E+3	-2.580000E-6	3.000000E-6
2.568000E+3	-2.650000E-6	3.030000E-6
2.568000E+3	-2.650000E-6	2.950000E-6
2.568000E+3	-2.580000E-6	3.030000E-6
2.568000E+3	-2.550000E-6	3.050000E-6
2.568000E+3	-2.580000E-6	3.000000E-6
2.568000E+3	-2.530000E-6	3.000000E-6
2.568000E+3	-2.550000E-6	2.950000E-6
2.568000E+3	-2.550000E-6	2.950000E-6
2.568000E+3	-2.580000E-6	3.150000E-6
2.568000E+3	-2.550000E-6	3.000000E-6
2.568000E+3	-2.580000E-6	3.000000E-6
2.568000E+3	-2.550000E-6	3.000000E-6
2.568000E+3	-2.530000E-6	2.930000E-6
2.568000E+3	-2.580000E-6	3.030000E-6
2.568000E+3	-2.550000E-6	2.950000E-6
2.572000E+3	-2.680000E-6	2.280000E-6
2.572000E+3	-2.530000E-6	2.200000E-6
2.572000E+3	-2.530000E-6	2.250000E-6
2.572000E+3	-2.500000E-6	2.300000E-6
2.572000E+3	-2.500000E-6	2.300000E-6
2.572000E+3	-2.450000E-6	2.280000E-6
2.572000E+3	-2.530000E-6	2.280000E-6
2.572000E+3	-2.450000E-6	2.180000E-6
2.572000E+3	-2.450000E-6	2.300000E-6
2.572000E+3	-2.630000E-6	2.330000E-6
2.572000E+3	-2.450000E-6	2.300000E-6
2.572000E+3	-2.430000E-6	2.300000E-6
2.572000E+3	-2.430000E-6	2.280000E-6
2.572000E+3	-2.530000E-6	2.280000E-6
2.572000E+3	-2.450000E-6	2.300000E-6
2.572000E+3	-2.500000E-6	2.250000E-6
2.572000E+3	-2.450000E-6	2.280000E-6
2.572000E+3	-2.450000E-6	2.250000E-6
2.572000E+3	-2.450000E-6	2.280000E-6
2.572000E+3	-2.500000E-6	2.300000E-6
2.576000E+3	-2.430000E-6	1.780000E-6
2.576000E+3	-2.330000E-6	1.700000E-6
2.576000E+3	-2.200000E-6	1.780000E-6
2.576000E+3	-2.330000E-6	1.780000E-6
2.576000E+3	-2.330000E-6	1.700000E-6
2.576000E+3	-2.380000E-6	1.780000E-6
2.576000E+3	-2.280000E-6	1.800000E-6
2.576000E+3	-2.330000E-6	1.750000E-6
2.576000E+3	-2.330000E-6	1.700000E-6
2.576000E+3	-2.430000E-6	1.700000E-6
2.576000E+3	-2.150000E-6	1.750000E-6
2.576000E+3	-2.450000E-6	1.580000E-6
2.576000E+3	-2.330000E-6	1.800000E-6
2.576000E+3	-2.080000E-6	1.880000E-6
2.576000E+3	-2.080000E-6	1.880000E-6
2.576000E+3	-2.280000E-6	2.130000E-6
2.576000E+3	-2.400000E-6	1.930000E-6
2.576000E+3	-2.380000E-6	1.900000E-6
2.576000E+3	-2.400000E-6	1.750000E-6
2.576000E+3	-2.280000E-6	1.800000E-6
2.580000E+3	-2.330000E-6	1.450000E-6
2.580000E+3	-2.150000E-6	1.400000E-6
2.580000E+3	-2.180000E-6	1.330000E-6
2.580000E+3	-2.200000E-6	1.380000E-6
2.580000E+3	-2.300000E-6	1.400000E-6
2.580000E+3	-2.150000E-6	1.450000E-6
2.580000E+3	-2.150000E-6	1.200000E-6
2.580000E+3	-2.330000E-6	1.500000E-6
2.580000E+3	-1.950000E-6	1.150000E-6
2.580000E+3	-2.400000E-6	1.550000E-6
2.580000E+3	-1.950000E-6	1.180000E-6
2.580000E+3	-2.330000E-6	1.380000E-6
2.580000E+3	-2.180000E-6	1.380000E-6
2.580000E+3	-2.180000E-6	1.380000E-6
2.580000E+3	-2.200000E-6	1.330000E-6
2.580000E+3	-2.150000E-6	1.400000E-6
2.580000E+3	-2.200000E-6	1.380000E-6
2.580000E+3	-2.200000E-6	1.380000E-6
2.580000E+3	-2.200000E-6	1.430000E-6
2.580000E+3	-2.080000E-6	1.430000E-6
2.584000E+3	-2.150000E-6	1.080000E-6
2.584000E+3	-2.150000E-6	1.050000E-6
2.584000E+3	-2.150000E-6	1.030000E-6
2.584000E+3	-2.080000E-6	1.050000E-6
2.584000E+3	-2.130000E-6	1.050000E-6
2.584000E+3	-2.080000E-6	1.050000E-6
2.584000E+3	-2.000000E-6	1.080000E-6
2.584000E+3	-1.950000E-6	1.130000E-6
2.584000E+3	-1.950000E-6	1.150000E-6
2.584000E+3	-1.950000E-6	1.130000E-6
2.584000E+3	-2.030000E-6	1.180000E-6
2.584000E+3	-2.000000E-6	1.130000E-6
2.584000E+3	-2.000000E-6	1.000000E-6
2.584000E+3	-2.130000E-6	1.430000E-6
2.584000E+3	-1.830000E-6	1.130000E-6
2.584000E+3	-1.800000E-6	9.300000E-7
2.584000E+3	-2.200000E-6	1.180000E-6
2.584000E+3	-2.130000E-6	1.330000E-6
2.584000E+3	-1.780000E-6	1.030000E-6
2.584000E+3	-1.950000E-6	8.300000E-7
2.588000E+3	-2.000000E-6	9.000000E-7
2.588000E+3	-1.900000E-6	9.300000E-7
2.588000E+3	-1.900000E-6	9.000000E-7
2.588000E+3	-1.830000E-6	9.300000E-7
2.588000E+3	-1.930000E-6	9.300000E-7
2.588000E+3	-1.780000E-6	9.300000E-7
2.588000E+3	-1.900000E-6	1.000000E-6
2.588000E+3	-1.900000E-6	1.000000E-6
2.588000E+3	-1.780000E-6	9.000000E-7
2.588000E+3	-1.900000E-6	1.000000E-6
2.588000E+3	-1.830000E-6	9.300000E-7
2.588000E+3	-1.880000E-6	9.300000E-7
2.588000E+3	-1.900000E-6	9.500000E-7
2.588000E+3	-1.880000E-6	8.800000E-7
2.588000E+3	-1.880000E-6	9.500000E-7
2.588000E+3	-1.800000E-6	8.800000E-7
2.588000E+3	-1.880000E-6	9.300000E-7
2.588000E+3	-1.880000E-6	9.500000E-7
2.588000E+3	-1.830000E-6	9.300000E-7
2.588000E+3	-1.900000E-6	9.500000E-7
2.592000E+3	-1.900000E-6	7.800000E-7
2.592000E+3	-1.700000E-6	6.500000E-7
2.592000E+3	-1.780000E-6	7.500000E-7
2.592000E+3	-1.700000E-6	6.300000E-7
2.592000E+3	-1.780000E-6	7.800000E-7
2.592000E+3	-1.830000E-6	8.000000E-7
2.592000E+3	-1.780000E-6	8.000000E-7
2.592000E+3	-1.700000E-6	7.500000E-7
2.592000E+3	-1.750000E-6	7.800000E-7
2.592000E+3	-1.780000E-6	7.500000E-7
2.592000E+3	-1.750000E-6	8.000000E-7
2.592000E+3	-1.700000E-6	8.000000E-7
2.592000E+3	-1.750000E-6	7.500000E-7
2.592000E+3	-1.700000E-6	8.000000E-7
2.592000E+3	-1.700000E-6	7.800000E-7
2.592000E+3	-1.780000E-6	7.800000E-7
2.592000E+3	-1.750000E-6	7.800000E-7
2.592000E+3	-1.780000E-6	7.800000E-7
2.592000E+3	-1.780000E-6	8.000000E-7
2.592000E+3	-1.700000E-6	7.800000E-7
2.596000E+3	-1.700000E-6	6.800000E-7
2.596000E+3	-1.630000E-6	6.500000E-7
2.596000E+3	-1.650000E-6	6.500000E-7
2.596000E+3	-1.650000E-6	6.500000E-7
2.596000E+3	-1.650000E-6	6.800000E-7
2.596000E+3	-1.650000E-6	6.800000E-7
2.596000E+3	-1.580000E-6	6.800000E-7
2.596000E+3	-1.650000E-6	7.000000E-7
2.596000E+3	-1.630000E-6	7.000000E-7
2.596000E+3	-1.550000E-6	6.800000E-7
2.596000E+3	-1.580000E-6	6.800000E-7
2.596000E+3	-1.650000E-6	6.800000E-7
2.596000E+3	-1.580000E-6	6.800000E-7
2.596000E+3	-1.550000E-6	6.800000E-7
2.596000E+3	-1.550000E-6	6.800000E-7
2.596000E+3	-1.650000E-6	6.800000E-7
2.596000E+3	-1.650000E-6	6.800000E-7
2.596000E+3	-1.630000E-6	7.000000E-7
2.596000E+3	-1.580000E-6	7.000000E-7
2.596000E+3	-1.630000E-6	7.000000E-7
2.600000E+3	-1.550000E-6	5.300000E-7
2.600000E+3	-1.580000E-6	6.500000E-7
2.600000E+3	-1.630000E-6	8.000000E-7
2.600000E+3	-1.450000E-6	7.000000E-7
2.600000E+3	-1.330000E-6	5.000000E-7
2.600000E+3	-1.430000E-6	4.500000E-7
2.600000E+3	-1.630000E-6	6.500000E-7
2.600000E+3	-1.550000E-6	8.300000E-7
2.600000E+3	-1.330000E-6	6.300000E-7
2.600000E+3	-1.400000E-6	4.300000E-7
2.600000E+3	-1.580000E-6	6.800000E-7
2.600000E+3	-1.530000E-6	6.800000E-7
2.600000E+3	-1.430000E-6	6.300000E-7
2.600000E+3	-1.550000E-6	7.500000E-7
2.600000E+3	-1.400000E-6	5.300000E-7
2.600000E+3	-1.400000E-6	3.300000E-7
2.600000E+3	-1.780000E-6	8.800000E-7
2.600000E+3	-1.400000E-6	8.000000E-7
2.600000E+3	-1.150000E-6	2.800000E-7
2.600000E+3	-1.700000E-6	6.800000E-7
2.604000E+3	-1.050000E-6	2.500000E-7
2.604000E+3	-1.330000E-6	5.000000E-7
2.604000E+3	-1.400000E-6	5.300000E-7
2.604000E+3	-1.400000E-6	5.300000E-7
2.604000E+3	-1.430000E-6	5.000000E-7
2.604000E+3	-1.430000E-6	5.000000E-7
2.604000E+3	-1.430000E-6	5.000000E-7
2.604000E+3	-1.400000E-6	5.300000E-7
2.604000E+3	-1.430000E-6	5.500000E-7
2.604000E+3	-1.450000E-6	5.300000E-7
2.604000E+3	-1.450000E-6	5.300000E-7
2.604000E+3	-1.430000E-6	5.300000E-7
2.604000E+3	-1.450000E-6	5.300000E-7
2.604000E+3	-1.430000E-6	5.300000E-7
2.604000E+3	-1.450000E-6	5.300000E-7
2.604000E+3	-1.430000E-6	5.500000E-7
2.604000E+3	-1.430000E-6	5.000000E-7
2.604000E+3	-1.400000E-6	5.300000E-7
2.604000E+3	-1.400000E-6	5.500000E-7
2.604000E+3	-1.430000E-6	5.300000E-7
2.608000E+3	-1.400000E-6	4.500000E-7
2.608000E+3	-1.380000E-6	4.300000E-7
2.608000E+3	-1.300000E-6	4.500000E-7
2.608000E+3	-1.330000E-6	4.500000E-7
2.608000E+3	-1.330000E-6	4.500000E-7
2.608000E+3	-1.330000E-6	4.500000E-7
2.608000E+3	-1.330000E-6	4.500000E-7
2.608000E+3	-1.300000E-6	4.500000E-7
2.608000E+3	-1.330000E-6	4.500000E-7
2.608000E+3	-1.330000E-6	4.300000E-7
2.608000E+3	-1.330000E-6	4.500000E-7
2.608000E+3	-1.330000E-6	4.300000E-7
2.608000E+3	-1.330000E-6	4.300000E-7
2.608000E+3	-1.300000E-6	4.500000E-7
2.608000E+3	-1.300000E-6	4.500000E-7
2.608000E+3	-1.380000E-6	4.500000E-7
2.608000E+3	-1.300000E-6	4.300000E-7
2.608000E+3	-1.380000E-6	4.500000E-7
2.608000E+3	-1.330000E-6	4.300000E-7
2.608000E+3	-1.300000E-6	4.500000E-7
2.612000E+3	-1.330000E-6	4.000000E-7
2.612000E+3	-1.280000E-6	3.800000E-7
2.612000E+3	-1.300000E-6	3.300000E-7
2.612000E+3	-1.280000E-6	3.800000E-7
2.612000E+3	-1.280000E-6	3.800000E-7
2.612000E+3	-1.280000E-6	3.800000E-7
2.612000E+3	-1.280000E-6	3.800000E-7
2.612000E+3	-1.280000E-6	3.800000E-7
2.612000E+3	-1.280000E-6	4.000000E-7
2.612000E+3	-1.280000E-6	4.300000E-7
2.612000E+3	-1.280000E-6	4.000000E-7
2.612000E+3	-1.280000E-6	3.800000E-7
2.612000E+3	-1.280000E-6	4.000000E-7
2.612000E+3	-1.300000E-6	4.000000E-7
2.612000E+3	-1.280000E-6	4.000000E-7
2.612000E+3	-1.280000E-6	3.800000E-7
2.612000E+3	-1.280000E-6	3.800000E-7
2.612000E+3	-1.280000E-6	4.000000E-7
2.612000E+3	-1.280000E-6	3.800000E-7
2.612000E+3	-1.280000E-6	4.000000E-7
2.616000E+3	-1.250000E-6	3.300000E-7
2.616000E+3	-1.200000E-6	3.800000E-7
2.616000E+3	-1.200000E-6	3.000000E-7
2.616000E+3	-1.250000E-6	3.300000E-7
2.616000E+3	-1.200000E-6	3.800000E-7
2.616000E+3	-1.200000E-6	3.000000E-7
2.616000E+3	-1.250000E-6	3.800000E-7
2.616000E+3	-1.200000E-6	3.800000E-7
2.616000E+3	-1.180000E-6	3.800000E-7
2.616000E+3	-1.200000E-6	3.300000E-7
2.616000E+3	-1.180000E-6	3.300000E-7
2.616000E+3	-1.200000E-6	3.300000E-7
2.616000E+3	-1.200000E-6	3.300000E-7
2.616000E+3	-1.200000E-6	3.800000E-7
2.616000E+3	-1.180000E-6	3.300000E-7
2.616000E+3	-1.200000E-6	3.800000E-7
2.616000E+3	-1.200000E-6	3.800000E-7
2.616000E+3	-1.200000E-6	3.800000E-7
2.616000E+3	-1.200000E-6	3.800000E-7
2.616000E+3	-1.150000E-6	3.800000E-7
2.620000E+3	-1.200000E-6	3.000000E-7
2.620000E+3	-1.150000E-6	2.500000E-7
2.620000E+3	-1.130000E-6	3.000000E-7
2.620000E+3	-1.150000E-6	3.000000E-7
2.620000E+3	-1.150000E-6	3.000000E-7
2.620000E+3	-1.180000E-6	3.000000E-7
2.620000E+3	-1.150000E-6	3.300000E-7
2.620000E+3	-1.130000E-6	3.300000E-7
2.620000E+3	-1.150000E-6	3.800000E-7
2.620000E+3	-1.150000E-6	3.300000E-7
2.620000E+3	-1.150000E-6	3.300000E-7
2.620000E+3	-1.150000E-6	3.300000E-7
2.620000E+3	-1.150000E-6	3.300000E-7
2.620000E+3	-1.180000E-6	3.300000E-7
2.620000E+3	-1.150000E-6	3.300000E-7
2.620000E+3	-1.180000E-6	3.300000E-7
2.620000E+3	-1.150000E-6	3.300000E-7
2.620000E+3	-1.180000E-6	3.800000E-7
2.620000E+3	-1.150000E-6	3.800000E-7
2.620000E+3	-1.130000E-6	3.300000E-7
2.624000E+3	-1.130000E-6	3.000000E-7
2.624000E+3	-1.080000E-6	3.000000E-7
2.624000E+3	-1.080000E-6	3.000000E-7
2.624000E+3	-1.080000E-6	3.300000E-7
2.624000E+3	-1.080000E-6	3.000000E-7
2.624000E+3	-1.080000E-6	3.800000E-7
2.624000E+3	-1.080000E-6	2.800000E-7
2.624000E+3	-1.050000E-6	2.500000E-7
2.624000E+3	-1.150000E-6	2.800000E-7
2.624000E+3	-1.080000E-6	3.000000E-7
2.624000E+3	-1.050000E-6	3.000000E-7
2.624000E+3	-1.150000E-6	3.000000E-7
2.624000E+3	-1.080000E-6	3.000000E-7
2.624000E+3	-1.080000E-6	3.300000E-7
2.624000E+3	-1.080000E-6	2.800000E-7
2.624000E+3	-1.150000E-6	2.800000E-7
2.624000E+3	-1.080000E-6	2.000000E-7
2.624000E+3	-1.080000E-6	2.500000E-7
2.624000E+3	-1.150000E-6	2.000000E-7
2.624000E+3	-1.250000E-6	4.000000E-7
2.628000E+3	-1.030000E-6	2.500000E-7
2.628000E+3	-1.030000E-6	2.800000E-7
2.628000E+3	-1.030000E-6	2.800000E-7
2.628000E+3	-1.050000E-6	3.000000E-7
2.628000E+3	-1.030000E-6	2.500000E-7
2.628000E+3	-1.050000E-6	3.000000E-7
2.628000E+3	-1.030000E-6	3.000000E-7
2.628000E+3	-1.030000E-6	3.000000E-7
2.628000E+3	-1.050000E-6	2.800000E-7
2.628000E+3	-1.030000E-6	2.500000E-7
2.628000E+3	-1.080000E-6	3.000000E-7
2.628000E+3	-1.050000E-6	2.800000E-7
2.628000E+3	-1.050000E-6	2.800000E-7
2.628000E+3	-1.050000E-6	3.000000E-7
2.628000E+3	-1.030000E-6	3.000000E-7
2.628000E+3	-1.030000E-6	2.800000E-7
2.628000E+3	-1.030000E-6	2.500000E-7
2.628000E+3	-1.000000E-6	2.800000E-7
2.628000E+3	-1.030000E-6	3.300000E-7
2.628000E+3	-1.030000E-6	3.000000E-7
2.632000E+3	-1.080000E-6	2.500000E-7
2.632000E+3	-1.030000E-6	2.800000E-7
2.632000E+3	-9.500000E-7	2.800000E-7
2.632000E+3	-1.000000E-6	2.800000E-7
2.632000E+3	-1.030000E-6	2.800000E-7
2.632000E+3	-1.000000E-6	2.800000E-7
2.632000E+3	-1.000000E-6	2.500000E-7
2.632000E+3	-1.030000E-6	2.500000E-7
2.632000E+3	-1.030000E-6	3.000000E-7
2.632000E+3	-1.030000E-6	2.500000E-7
2.632000E+3	-9.500000E-7	2.800000E-7
2.632000E+3	-1.030000E-6	2.500000E-7
2.632000E+3	-1.030000E-6	2.800000E-7
2.632000E+3	-1.030000E-6	2.800000E-7
2.632000E+3	-9.500000E-7	2.500000E-7
2.632000E+3	-1.000000E-6	2.500000E-7
2.632000E+3	-1.030000E-6	2.500000E-7
2.632000E+3	-1.050000E-6	2.800000E-7
2.632000E+3	-1.030000E-6	2.800000E-7
2.632000E+3	-9.500000E-7	2.800000E-7
2.636000E+3	-1.000000E-6	2.500000E-7
2.636000E+3	-9.500000E-7	2.500000E-7
2.636000E+3	-9.500000E-7	2.500000E-7
2.636000E+3	-9.500000E-7	2.000000E-7
2.636000E+3	-9.500000E-7	2.500000E-7
2.636000E+3	-9.500000E-7	2.000000E-7
2.636000E+3	-1.030000E-6	2.000000E-7
2.636000E+3	-1.030000E-6	2.000000E-7
2.636000E+3	-9.500000E-7	2.000000E-7
2.636000E+3	-9.500000E-7	2.000000E-7
2.636000E+3	-1.000000E-6	2.000000E-7
2.636000E+3	-1.030000E-6	2.500000E-7
2.636000E+3	-1.030000E-6	2.500000E-7
2.636000E+3	-9.500000E-7	2.500000E-7
2.636000E+3	-1.000000E-6	2.000000E-7
2.636000E+3	-9.500000E-7	2.500000E-7
2.636000E+3	-9.500000E-7	2.000000E-7
2.636000E+3	-9.500000E-7	2.800000E-7
2.636000E+3	-9.500000E-7	2.500000E-7
2.636000E+3	-9.500000E-7	2.000000E-7
2.640000E+3	-9.500000E-7	1.800000E-7
2.640000E+3	-9.500000E-7	2.000000E-7
2.640000E+3	-9.300000E-7	2.000000E-7
2.640000E+3	-9.500000E-7	2.000000E-7
2.640000E+3	-9.500000E-7	1.800000E-7
2.640000E+3	-9.300000E-7	2.000000E-7
2.640000E+3	-9.300000E-7	2.000000E-7
2.640000E+3	-9.300000E-7	2.500000E-7
2.640000E+3	-9.300000E-7	2.000000E-7
2.640000E+3	-9.300000E-7	2.000000E-7
2.640000E+3	-9.300000E-7	2.000000E-7
2.640000E+3	-9.300000E-7	2.500000E-7
2.640000E+3	-9.500000E-7	2.000000E-7
2.640000E+3	-9.500000E-7	1.800000E-7
2.640000E+3	-9.300000E-7	2.000000E-7
2.640000E+3	-9.500000E-7	1.800000E-7
2.640000E+3	-9.300000E-7	2.000000E-7
2.640000E+3	-9.000000E-7	2.500000E-7
2.640000E+3	-9.500000E-7	2.000000E-7
2.640000E+3	-9.000000E-7	2.500000E-7
2.644000E+3	-9.300000E-7	1.800000E-7
2.644000E+3	-9.300000E-7	1.800000E-7
2.644000E+3	-9.000000E-7	2.000000E-7
2.644000E+3	-9.000000E-7	1.800000E-7
2.644000E+3	-9.000000E-7	2.000000E-7
2.644000E+3	-9.000000E-7	1.800000E-7
2.644000E+3	-9.000000E-7	1.800000E-7
2.644000E+3	-9.000000E-7	1.800000E-7
2.644000E+3	-9.000000E-7	1.800000E-7
2.644000E+3	-9.300000E-7	1.800000E-7
2.644000E+3	-9.000000E-7	1.300000E-7
2.644000E+3	-9.000000E-7	1.800000E-7
2.644000E+3	-9.300000E-7	2.500000E-7
2.644000E+3	-9.000000E-7	2.000000E-7
2.644000E+3	-9.300000E-7	2.500000E-7
2.644000E+3	-9.000000E-7	1.800000E-7
2.644000E+3	-9.300000E-7	1.800000E-7
2.644000E+3	-9.000000E-7	2.000000E-7
2.644000E+3	-9.000000E-7	2.000000E-7
2.644000E+3	-9.000000E-7	1.800000E-7
2.648000E+3	-9.000000E-7	2.000000E-7
2.648000E+3	-8.800000E-7	2.000000E-7
2.648000E+3	-8.300000E-7	1.800000E-7
2.648000E+3	-8.300000E-7	2.000000E-7
2.648000E+3	-8.800000E-7	2.500000E-7
2.648000E+3	-8.800000E-7	2.000000E-7
2.648000E+3	-9.000000E-7	2.000000E-7
2.648000E+3	-8.800000E-7	1.800000E-7
2.648000E+3	-9.000000E-7	2.000000E-7
2.648000E+3	-8.800000E-7	2.000000E-7
2.648000E+3	-9.000000E-7	1.800000E-7
2.648000E+3	-9.000000E-7	1.800000E-7
2.648000E+3	-8.800000E-7	1.800000E-7
2.648000E+3	-8.800000E-7	2.000000E-7
2.648000E+3	-9.000000E-7	1.800000E-7
2.648000E+3	-8.300000E-7	1.800000E-7
2.648000E+3	-8.300000E-7	2.000000E-7
2.648000E+3	-8.800000E-7	1.500000E-7
2.648000E+3	-9.000000E-7	1.500000E-7
2.648000E+3	-8.800000E-7	2.000000E-7
2.652000E+3	-8.300000E-7	1.500000E-7
2.652000E+3	-8.800000E-7	1.800000E-7
2.652000E+3	-9.000000E-7	1.800000E-7
2.652000E+3	-8.300000E-7	1.800000E-7
2.652000E+3	-9.000000E-7	1.800000E-7
2.652000E+3	-8.000000E-7	1.800000E-7
2.652000E+3	-8.300000E-7	1.500000E-7
2.652000E+3	-8.800000E-7	1.800000E-7
2.652000E+3	-8.800000E-7	1.800000E-7
2.652000E+3	-8.300000E-7	1.500000E-7
2.652000E+3	-8.800000E-7	1.500000E-7
2.652000E+3	-9.000000E-7	1.800000E-7
2.652000E+3	-8.300000E-7	1.800000E-7
2.652000E+3	-9.000000E-7	1.800000E-7
2.652000E+3	-9.000000E-7	1.800000E-7
2.652000E+3	-8.800000E-7	2.000000E-7
2.652000E+3	-9.000000E-7	1.800000E-7
2.652000E+3	-8.300000E-7	1.500000E-7
2.652000E+3	-8.300000E-7	1.800000E-7
2.652000E+3	-8.300000E-7	1.500000E-7
2.656000E+3	-8.800000E-7	1.300000E-7
2.656000E+3	-8.300000E-7	1.800000E-7
2.656000E+3	-8.300000E-7	1.500000E-7
2.656000E+3	-8.300000E-7	1.800000E-7
2.656000E+3	-8.300000E-7	1.500000E-7
2.656000E+3	-8.800000E-7	1.800000E-7
2.656000E+3	-8.300000E-7	1.800000E-7
2.656000E+3	-8.300000E-7	2.000000E-7
2.656000E+3	-8.800000E-7	1.800000E-7
2.656000E+3	-8.300000E-7	1.800000E-7
2.656000E+3	-8.300000E-7	1.800000E-7
2.656000E+3	-8.300000E-7	1.800000E-7
2.656000E+3	-8.300000E-7	1.800000E-7
2.656000E+3	-8.300000E-7	1.500000E-7
2.656000E+3	-8.800000E-7	1.800000E-7
2.656000E+3	-8.300000E-7	1.800000E-7
2.656000E+3	-8.000000E-7	1.800000E-7
2.656000E+3	-8.300000E-7	1.800000E-7
2.656000E+3	-8.300000E-7	1.500000E-7
2.656000E+3	-8.000000E-7	1.800000E-7
2.660000E+3	-8.300000E-7	1.800000E-7
2.660000E+3	-8.300000E-7	1.800000E-7
2.660000E+3	-7.800000E-7	1.500000E-7
2.660000E+3	-8.300000E-7	1.500000E-7
2.660000E+3	-8.000000E-7	1.800000E-7
2.660000E+3	-8.000000E-7	1.800000E-7
2.660000E+3	-8.300000E-7	1.800000E-7
2.660000E+3	-8.000000E-7	1.500000E-7
2.660000E+3	-8.300000E-7	1.500000E-7
2.660000E+3	-7.800000E-7	1.300000E-7
2.660000E+3	-7.800000E-7	1.500000E-7
2.660000E+3	-7.800000E-7	1.300000E-7
2.660000E+3	-7.800000E-7	1.300000E-7
2.660000E+3	-7.800000E-7	1.500000E-7
2.660000E+3	-7.800000E-7	1.800000E-7
2.660000E+3	-8.000000E-7	1.800000E-7
2.660000E+3	-8.300000E-7	1.800000E-7
2.660000E+3	-7.800000E-7	1.500000E-7
2.660000E+3	-8.800000E-7	1.800000E-7
2.660000E+3	-8.000000E-7	1.800000E-7
2.664000E+3	-7.500000E-7	5.000000E-8
2.664000E+3	-7.800000E-7	1.500000E-7
2.664000E+3	-7.800000E-7	1.500000E-7
2.664000E+3	-7.800000E-7	1.500000E-7
2.664000E+3	-8.300000E-7	1.500000E-7
2.664000E+3	-7.800000E-7	1.300000E-7
2.664000E+3	-7.800000E-7	1.800000E-7
2.664000E+3	-7.500000E-7	1.500000E-7
2.664000E+3	-7.800000E-7	1.800000E-7
2.664000E+3	-7.500000E-7	1.800000E-7
2.664000E+3	-7.800000E-7	1.500000E-7
2.664000E+3	-7.800000E-7	1.800000E-7
2.664000E+3	-7.800000E-7	1.500000E-7
2.664000E+3	-7.800000E-7	1.300000E-7
2.664000E+3	-8.300000E-7	1.500000E-7
2.664000E+3	-7.800000E-7	8.000000E-8
2.664000E+3	-7.800000E-7	1.500000E-7
2.664000E+3	-7.800000E-7	1.300000E-7
2.664000E+3	-7.800000E-7	1.800000E-7
2.664000E+3	-8.000000E-7	1.800000E-7
2.668000E+3	-7.800000E-7	1.300000E-7
2.668000E+3	-7.800000E-7	1.500000E-7
2.668000E+3	-7.500000E-7	1.300000E-7
2.668000E+3	-7.800000E-7	1.500000E-7
2.668000E+3	-7.500000E-7	1.500000E-7
2.668000E+3	-7.000000E-7	1.500000E-7
2.668000E+3	-7.500000E-7	1.300000E-7
2.668000E+3	-8.000000E-7	1.300000E-7
2.668000E+3	-6.800000E-7	1.500000E-7
2.668000E+3	-7.500000E-7	1.500000E-7
2.668000E+3	-7.500000E-7	1.300000E-7
2.668000E+3	-7.500000E-7	1.800000E-7
2.668000E+3	-7.500000E-7	1.500000E-7
2.668000E+3	-7.800000E-7	1.300000E-7
2.668000E+3	-7.800000E-7	8.000000E-8
2.668000E+3	-7.800000E-7	8.000000E-8
2.668000E+3	-7.800000E-7	1.500000E-7
2.668000E+3	-7.500000E-7	1.300000E-7
2.668000E+3	-8.000000E-7	1.300000E-7
2.668000E+3	-7.800000E-7	1.500000E-7
2.672000E+3	-7.800000E-7	1.500000E-7
2.672000E+3	-7.800000E-7	1.300000E-7
2.672000E+3	-7.500000E-7	8.000000E-8
2.672000E+3	-7.000000E-7	1.300000E-7
2.672000E+3	-7.000000E-7	1.500000E-7
2.672000E+3	-7.800000E-7	8.000000E-8
2.672000E+3	-7.500000E-7	8.000000E-8
2.672000E+3	-8.000000E-7	1.800000E-7
2.672000E+3	-7.800000E-7	1.300000E-7
2.672000E+3	-7.500000E-7	1.500000E-7
2.672000E+3	-7.800000E-7	1.300000E-7
2.672000E+3	-7.500000E-7	1.300000E-7
2.672000E+3	-7.800000E-7	1.300000E-7
2.672000E+3	-7.800000E-7	2.000000E-7
2.672000E+3	-7.500000E-7	1.300000E-7
2.672000E+3	-7.500000E-7	1.300000E-7
2.672000E+3	-7.000000E-7	1.300000E-7
2.672000E+3	-7.800000E-7	1.300000E-7
2.672000E+3	-7.800000E-7	1.500000E-7
2.672000E+3	-7.000000E-7	1.500000E-7
2.676000E+3	-6.800000E-7	1.500000E-7
2.676000E+3	-7.000000E-7	1.800000E-7
2.676000E+3	-7.500000E-7	1.300000E-7
2.676000E+3	-7.000000E-7	1.300000E-7
2.676000E+3	-6.800000E-7	8.000000E-8
2.676000E+3	-7.000000E-7	1.800000E-7
2.676000E+3	-6.800000E-7	1.500000E-7
2.676000E+3	-7.000000E-7	1.500000E-7
2.676000E+3	-7.000000E-7	1.500000E-7
2.676000E+3	-7.800000E-7	1.300000E-7
2.676000E+3	-7.800000E-7	1.300000E-7
2.676000E+3	-7.000000E-7	1.500000E-7
2.676000E+3	-6.800000E-7	1.300000E-7
2.676000E+3	-7.800000E-7	8.000000E-8
2.676000E+3	-7.500000E-7	1.500000E-7
2.676000E+3	-7.000000E-7	1.300000E-7
2.676000E+3	-7.000000E-7	1.300000E-7
2.676000E+3	-6.500000E-7	8.000000E-8
2.676000E+3	-7.800000E-7	1.300000E-7
2.676000E+3	-7.000000E-7	1.300000E-7
2.680000E+3	-7.000000E-7	1.300000E-7
2.680000E+3	-7.000000E-7	8.000000E-8
2.680000E+3	-7.000000E-7	1.500000E-7
2.680000E+3	-7.000000E-7	1.300000E-7
2.680000E+3	-6.500000E-7	8.000000E-8
2.680000E+3	-6.800000E-7	1.300000E-7
2.680000E+3	-7.000000E-7	1.300000E-7
2.680000E+3	-7.000000E-7	1.500000E-7
2.680000E+3	-7.500000E-7	1.300000E-7
2.680000E+3	-7.000000E-7	1.300000E-7
2.680000E+3	-7.500000E-7	8.000000E-8
2.680000E+3	-7.000000E-7	1.300000E-7
2.680000E+3	-7.500000E-7	1.300000E-7
2.680000E+3	-7.000000E-7	8.000000E-8
2.680000E+3	-7.000000E-7	5.000000E-8
2.680000E+3	-7.000000E-7	1.300000E-7
2.680000E+3	-7.500000E-7	8.000000E-8
2.680000E+3	-7.000000E-7	1.300000E-7
2.680000E+3	-7.500000E-7	1.500000E-7
2.680000E+3	-7.000000E-7	1.500000E-7
2.684000E+3	-6.800000E-7	5.000000E-8
2.684000E+3	-7.500000E-7	1.300000E-7
2.684000E+3	-6.300000E-7	1.300000E-7
2.684000E+3	-6.500000E-7	8.000000E-8
2.684000E+3	-6.800000E-7	8.000000E-8
2.684000E+3	-6.800000E-7	5.000000E-8
2.684000E+3	-7.000000E-7	1.300000E-7
2.684000E+3	-6.800000E-7	1.300000E-7
2.684000E+3	-6.500000E-7	1.500000E-7
2.684000E+3	-7.500000E-7	1.300000E-7
2.684000E+3	-7.000000E-7	5.000000E-8
2.684000E+3	-6.800000E-7	1.300000E-7
2.684000E+3	-7.000000E-7	1.300000E-7
2.684000E+3	-6.500000E-7	8.000000E-8
2.684000E+3	-6.800000E-7	8.000000E-8
2.684000E+3	-7.000000E-7	1.300000E-7
2.684000E+3	-7.000000E-7	8.000000E-8
2.684000E+3	-7.000000E-7	1.300000E-7
2.684000E+3	-6.800000E-7	1.300000E-7
2.684000E+3	-6.300000E-7	8.000000E-8
2.688000E+3	-7.000000E-7	1.300000E-7
2.688000E+3	-7.500000E-7	8.000000E-8
2.688000E+3	-6.500000E-7	1.300000E-7
2.688000E+3	-6.300000E-7	5.000000E-8
2.688000E+3	-6.500000E-7	1.500000E-7
2.688000E+3	-6.500000E-7	8.000000E-8
2.688000E+3	-6.800000E-7	5.000000E-8
2.688000E+3	-7.000000E-7	8.000000E-8
2.688000E+3	-7.800000E-7	1.800000E-7
2.688000E+3	-7.000000E-7	-3.000000E-8
2.688000E+3	-7.000000E-7	1.500000E-7
2.688000E+3	-7.000000E-7	3.000000E-8
2.688000E+3	-6.500000E-7	1.300000E-7
2.688000E+3	-7.000000E-7	5.000000E-8
2.688000E+3	-6.500000E-7	1.300000E-7
2.688000E+3	-7.000000E-7	1.300000E-7
2.688000E+3	-7.000000E-7	5.000000E-8
2.688000E+3	-6.500000E-7	1.300000E-7
2.688000E+3	-6.800000E-7	5.000000E-8
2.688000E+3	-6.800000E-7	1.300000E-7
2.692000E+3	-6.500000E-7	1.300000E-7
2.692000E+3	-6.800000E-7	5.000000E-8
2.692000E+3	-6.800000E-7	1.300000E-7
2.692000E+3	-6.500000E-7	1.300000E-7
2.692000E+3	-6.500000E-7	1.300000E-7
2.692000E+3	-6.500000E-7	1.300000E-7
2.692000E+3	-7.000000E-7	8.000000E-8
2.692000E+3	-7.000000E-7	1.300000E-7
2.692000E+3	-6.500000E-7	1.300000E-7
2.692000E+3	-6.500000E-7	8.000000E-8
2.692000E+3	-6.500000E-7	1.500000E-7
2.692000E+3	-9.000000E-7	-3.000000E-8
2.692000E+3	-5.300000E-7	8.000000E-8
2.692000E+3	-5.800000E-7	2.500000E-7
2.692000E+3	-8.300000E-7	-8.000000E-8
2.692000E+3	-5.000000E-7	2.800000E-7
2.692000E+3	-7.800000E-7	0.000000E+0
2.692000E+3	-6.500000E-7	5.000000E-8
2.692000E+3	-5.800000E-7	2.000000E-7
2.692000E+3	-6.800000E-7	1.300000E-7
2.696000E+3	-8.300000E-7	-3.000000E-8
2.696000E+3	-5.500000E-7	2.000000E-7
2.696000E+3	-7.800000E-7	8.000000E-8
2.696000E+3	-6.500000E-7	1.800000E-7
2.696000E+3	-6.300000E-7	1.500000E-7
2.696000E+3	-6.500000E-7	5.000000E-8
2.696000E+3	-6.500000E-7	1.300000E-7
2.696000E+3	-6.500000E-7	5.000000E-8
2.696000E+3	-7.800000E-7	1.500000E-7
2.696000E+3	-6.500000E-7	1.500000E-7
2.696000E+3	-5.800000E-7	8.000000E-8
2.696000E+3	-6.500000E-7	8.000000E-8
2.696000E+3	-5.800000E-7	-5.000000E-8
2.696000E+3	-2.800000E-7	5.000000E-7
2.696000E+3	-8.800000E-7	2.800000E-7
2.696000E+3	-1.050000E-6	-1.800000E-7
2.696000E+3	-6.500000E-7	-1.800000E-7
2.696000E+3	-2.500000E-7	3.000000E-7
2.696000E+3	-5.500000E-7	4.500000E-7
2.696000E+3	-1.000000E-6	3.000000E-8
2.700000E+3	-8.300000E-7	1.500000E-7
2.700000E+3	-5.500000E-7	5.000000E-8
2.700000E+3	-6.500000E-7	1.500000E-7
2.700000E+3	-6.800000E-7	1.500000E-7
2.700000E+3	-5.800000E-7	5.000000E-8
2.700000E+3	-6.300000E-7	8.000000E-8
2.700000E+3	-6.500000E-7	1.300000E-7
2.700000E+3	-6.500000E-7	5.000000E-8
2.700000E+3	-6.500000E-7	5.000000E-8
2.700000E+3	-7.000000E-7	1.300000E-7
2.700000E+3	-6.300000E-7	3.000000E-8
2.700000E+3	-6.500000E-7	8.000000E-8
2.700000E+3	-5.800000E-7	1.500000E-7
2.700000E+3	-5.800000E-7	8.000000E-8
2.700000E+3	-6.300000E-7	3.000000E-8
2.700000E+3	-5.800000E-7	5.000000E-8
2.700000E+3	-6.500000E-7	5.000000E-8
2.700000E+3	-6.500000E-7	8.000000E-8
2.700000E+3	-6.300000E-7	1.500000E-7
2.700000E+3	-7.000000E-7	8.000000E-8

