F QX QY 1.010000E+2	4.770000E-5	-1.850000E-5
1.010000E+2	3.650000E-5	-1.280000E-5
1.010000E+2	3.725000E-5	-1.290000E-5
1.010000E+2	3.925000E-5	-1.350000E-5
1.010000E+2	3.965000E-5	-1.225000E-5
1.010000E+2	4.000000E-5	-1.010000E-5
1.010000E+2	3.875000E-5	-1.055000E-5
1.010000E+2	3.830000E-5	-9.650000E-6
1.010000E+2	3.775000E-5	-9.750000E-6
1.010000E+2	3.715000E-5	-1.175000E-5
1.010000E+2	3.675000E-5	-1.280000E-5
1.010000E+2	3.625000E-5	-1.255000E-5
1.010000E+2	3.870000E-5	-1.250000E-5
1.010000E+2	4.015000E-5	-1.155000E-5
1.010000E+2	4.030000E-5	-1.105000E-5
1.010000E+2	3.950000E-5	-1.065000E-5
1.010000E+2	3.795000E-5	-9.350000E-6
1.010000E+2	3.755000E-5	-1.155000E-5
1.010000E+2	3.750000E-5	-1.100000E-5
1.010000E+2	3.575000E-5	-1.205000E-5
1.020000E+2	3.850000E-5	-1.510000E-5
1.020000E+2	3.830000E-5	-1.255000E-5
1.020000E+2	3.990000E-5	-1.175000E-5
1.020000E+2	3.915000E-5	-1.115000E-5
1.020000E+2	3.915000E-5	-1.115000E-5
1.020000E+2	3.855000E-5	-9.350000E-6
1.020000E+2	3.925000E-5	-9.800000E-6
1.020000E+2	3.800000E-5	-1.115000E-5
1.020000E+2	3.875000E-5	-1.100000E-5
1.020000E+2	3.850000E-5	-1.055000E-5
1.020000E+2	3.805000E-5	-1.210000E-5
1.020000E+2	3.825000E-5	-1.060000E-5
1.020000E+2	3.870000E-5	-1.055000E-5
1.020000E+2	3.870000E-5	-1.190000E-5
1.020000E+2	3.675000E-5	-1.155000E-5
1.020000E+2	3.795000E-5	-1.105000E-5
1.020000E+2	3.830000E-5	-1.185000E-5
1.020000E+2	3.940000E-5	-1.105000E-5
1.020000E+2	3.975000E-5	-1.110000E-5
1.020000E+2	3.975000E-5	-1.140000E-5
1.030000E+2	3.965000E-5	-1.510000E-5
1.030000E+2	3.930000E-5	-1.140000E-5
1.030000E+2	4.015000E-5	-1.015000E-5
1.030000E+2	3.940000E-5	-1.115000E-5
1.030000E+2	4.020000E-5	-1.185000E-5
1.030000E+2	4.165000E-5	-1.190000E-5
1.030000E+2	4.100000E-5	-1.140000E-5
1.030000E+2	4.200000E-5	-1.010000E-5
1.030000E+2	4.075000E-5	-1.040000E-5
1.030000E+2	3.900000E-5	-1.080000E-5
1.030000E+2	4.120000E-5	-1.090000E-5
1.030000E+2	4.015000E-5	-1.080000E-5
1.030000E+2	4.100000E-5	-1.010000E-5
1.030000E+2	4.095000E-5	-9.350000E-6
1.030000E+2	4.105000E-5	-1.040000E-5
1.030000E+2	4.050000E-5	-1.030000E-5
1.030000E+2	4.065000E-5	-1.115000E-5
1.030000E+2	3.930000E-5	-1.075000E-5
1.030000E+2	3.925000E-5	-1.140000E-5
1.030000E+2	4.005000E-5	-9.900000E-6
1.040000E+2	4.080000E-5	-1.330000E-5
1.040000E+2	4.125000E-5	-1.165000E-5
1.040000E+2	4.115000E-5	-1.140000E-5
1.040000E+2	4.075000E-5	-1.155000E-5
1.040000E+2	4.080000E-5	-1.265000E-5
1.040000E+2	3.975000E-5	-1.130000E-5
1.040000E+2	4.065000E-5	-1.210000E-5
1.040000E+2	4.065000E-5	-1.205000E-5
1.040000E+2	4.200000E-5	-1.115000E-5
1.040000E+2	4.065000E-5	-1.190000E-5
1.040000E+2	4.175000E-5	-1.175000E-5
1.040000E+2	4.150000E-5	-1.235000E-5
1.040000E+2	4.000000E-5	-1.160000E-5
1.040000E+2	4.030000E-5	-1.165000E-5
1.040000E+2	4.145000E-5	-1.185000E-5
1.040000E+2	4.175000E-5	-1.150000E-5
1.040000E+2	4.080000E-5	-1.155000E-5
1.040000E+2	4.080000E-5	-1.140000E-5
1.040000E+2	4.170000E-5	-1.180000E-5
1.040000E+2	4.125000E-5	-1.135000E-5
1.050000E+2	4.025000E-5	-1.390000E-5
1.050000E+2	4.255000E-5	-1.085000E-5
1.050000E+2	4.315000E-5	-9.350000E-6
1.050000E+2	4.345000E-5	-9.800000E-6
1.050000E+2	4.345000E-5	-1.015000E-5
1.050000E+2	4.295000E-5	-1.080000E-5
1.050000E+2	4.265000E-5	-1.100000E-5
1.050000E+2	4.325000E-5	-1.100000E-5
1.050000E+2	4.240000E-5	-1.065000E-5
1.050000E+2	4.300000E-5	-1.075000E-5
1.050000E+2	4.290000E-5	-9.900000E-6
1.050000E+2	4.350000E-5	-1.080000E-5
1.050000E+2	4.315000E-5	-1.010000E-5
1.050000E+2	4.370000E-5	-1.085000E-5
1.050000E+2	4.295000E-5	-1.040000E-5
1.050000E+2	4.250000E-5	-9.800000E-6
1.050000E+2	4.250000E-5	-9.300000E-6
1.050000E+2	4.340000E-5	-1.065000E-5
1.050000E+2	4.320000E-5	-1.130000E-5
1.050000E+2	4.150000E-5	-1.005000E-5
1.060000E+2	4.330000E-5	-1.500000E-5
1.060000E+2	4.255000E-5	-1.200000E-5
1.060000E+2	4.350000E-5	-1.530000E-5
1.060000E+2	3.905000E-5	-1.065000E-5
1.060000E+2	4.240000E-5	-1.140000E-5
1.060000E+2	4.195000E-5	-1.140000E-5
1.060000E+2	4.230000E-5	-1.225000E-5
1.060000E+2	4.230000E-5	-1.200000E-5
1.060000E+2	4.065000E-5	-9.900000E-6
1.060000E+2	4.315000E-5	-1.190000E-5
1.060000E+2	4.275000E-5	-1.130000E-5
1.060000E+2	4.375000E-5	-1.230000E-5
1.060000E+2	4.400000E-5	-1.225000E-5
1.060000E+2	4.330000E-5	-1.160000E-5
1.060000E+2	4.270000E-5	-1.190000E-5
1.060000E+2	4.340000E-5	-1.150000E-5
1.060000E+2	4.305000E-5	-1.290000E-5
1.060000E+2	4.280000E-5	-1.230000E-5
1.060000E+2	4.320000E-5	-1.130000E-5
1.060000E+2	4.355000E-5	-1.150000E-5
1.070000E+2	4.230000E-5	-1.515000E-5
1.070000E+2	4.595000E-5	-1.155000E-5
1.070000E+2	4.650000E-5	-1.130000E-5
1.070000E+2	4.490000E-5	-1.090000E-5
1.070000E+2	4.570000E-5	-1.155000E-5
1.070000E+2	4.515000E-5	-1.025000E-5
1.070000E+2	4.330000E-5	-1.065000E-5
1.070000E+2	4.445000E-5	-1.065000E-5
1.070000E+2	4.520000E-5	-9.750000E-6
1.070000E+2	4.320000E-5	-1.055000E-5
1.070000E+2	4.500000E-5	-1.085000E-5
1.070000E+2	4.570000E-5	-1.040000E-5
1.070000E+2	4.400000E-5	-1.005000E-5
1.070000E+2	4.515000E-5	-1.085000E-5
1.070000E+2	4.550000E-5	-1.140000E-5
1.070000E+2	4.415000E-5	-1.035000E-5
1.070000E+2	4.525000E-5	-1.440000E-5
1.070000E+2	4.340000E-5	-1.100000E-5
1.070000E+2	4.450000E-5	-1.165000E-5
1.070000E+2	4.430000E-5	-1.090000E-5
1.080000E+2	4.425000E-5	-1.555000E-5
1.080000E+2	4.515000E-5	-1.230000E-5
1.080000E+2	4.575000E-5	-1.240000E-5
1.080000E+2	4.445000E-5	-1.280000E-5
1.080000E+2	4.505000E-5	-1.185000E-5
1.080000E+2	4.470000E-5	-1.155000E-5
1.080000E+2	4.540000E-5	-9.650000E-6
1.080000E+2	4.530000E-5	-1.175000E-5
1.080000E+2	4.580000E-5	-1.030000E-5
1.080000E+2	4.550000E-5	-1.190000E-5
1.080000E+2	4.500000E-5	-1.165000E-5
1.080000E+2	4.470000E-5	-1.125000E-5
1.080000E+2	4.780000E-5	-1.175000E-5
1.080000E+2	4.655000E-5	-1.215000E-5
1.080000E+2	4.525000E-5	-1.185000E-5
1.080000E+2	4.565000E-5	-1.200000E-5
1.080000E+2	4.645000E-5	-1.230000E-5
1.080000E+2	4.520000E-5	-1.130000E-5
1.080000E+2	4.450000E-5	-1.130000E-5
1.080000E+2	4.680000E-5	-1.185000E-5
1.090000E+2	4.475000E-5	-1.385000E-5
1.090000E+2	4.615000E-5	-1.130000E-5
1.090000E+2	4.670000E-5	-1.255000E-5
1.090000E+2	4.695000E-5	-1.075000E-5
1.090000E+2	4.620000E-5	-1.155000E-5
1.090000E+2	4.650000E-5	-1.180000E-5
1.090000E+2	4.650000E-5	-1.155000E-5
1.090000E+2	4.720000E-5	-1.255000E-5
1.090000E+2	4.775000E-5	-1.180000E-5
1.090000E+2	4.580000E-5	-1.080000E-5
1.090000E+2	4.595000E-5	-1.140000E-5
1.090000E+2	4.665000E-5	-1.030000E-5
1.090000E+2	4.645000E-5	-1.185000E-5
1.090000E+2	4.765000E-5	-1.140000E-5
1.090000E+2	4.525000E-5	-1.125000E-5
1.090000E+2	4.715000E-5	-1.165000E-5
1.090000E+2	4.675000E-5	-1.210000E-5
1.090000E+2	4.680000E-5	-1.165000E-5
1.090000E+2	4.640000E-5	-9.650000E-6
1.090000E+2	5.170000E-5	-7.050000E-6
1.100000E+2	4.950000E-5	-1.530000E-5
1.100000E+2	5.050000E-5	-1.160000E-5
1.100000E+2	4.895000E-5	-9.900000E-6
1.100000E+2	4.860000E-5	-9.900000E-6
1.100000E+2	4.865000E-5	-1.075000E-5
1.100000E+2	5.010000E-5	-1.130000E-5
1.100000E+2	4.920000E-5	-1.015000E-5
1.100000E+2	4.910000E-5	-1.125000E-5
1.100000E+2	4.770000E-5	-9.150000E-6
1.100000E+2	4.950000E-5	-1.090000E-5
1.100000E+2	4.870000E-5	-1.065000E-5
1.100000E+2	4.665000E-5	-1.065000E-5
1.100000E+2	4.920000E-5	-1.040000E-5
1.100000E+2	4.895000E-5	-1.030000E-5
1.100000E+2	4.900000E-5	-1.205000E-5
1.100000E+2	4.680000E-5	-1.190000E-5
1.100000E+2	4.785000E-5	-9.800000E-6
1.100000E+2	4.815000E-5	-9.750000E-6
1.100000E+2	4.750000E-5	-1.230000E-5
1.100000E+2	4.620000E-5	-1.115000E-5
1.110000E+2	4.590000E-5	-1.600000E-5
1.110000E+2	4.895000E-5	-1.090000E-5
1.110000E+2	4.890000E-5	-1.190000E-5
1.110000E+2	4.920000E-5	-1.130000E-5
1.110000E+2	4.995000E-5	-1.075000E-5
1.110000E+2	4.785000E-5	-1.180000E-5
1.110000E+2	4.920000E-5	-1.130000E-5
1.110000E+2	5.040000E-5	-1.240000E-5
1.110000E+2	4.870000E-5	-1.100000E-5
1.110000E+2	4.865000E-5	-1.090000E-5
1.110000E+2	5.065000E-5	-1.080000E-5
1.110000E+2	4.890000E-5	-1.115000E-5
1.110000E+2	4.985000E-5	-1.100000E-5
1.110000E+2	4.820000E-5	-1.115000E-5
1.110000E+2	4.885000E-5	-1.130000E-5
1.110000E+2	4.900000E-5	-1.080000E-5
1.110000E+2	5.125000E-5	-1.210000E-5
1.110000E+2	5.025000E-5	-1.225000E-5
1.110000E+2	4.815000E-5	-1.150000E-5
1.110000E+2	4.900000E-5	-1.225000E-5
1.120000E+2	4.765000E-5	-1.410000E-5
1.120000E+2	5.150000E-5	-1.090000E-5
1.120000E+2	5.200000E-5	-9.900000E-6
1.120000E+2	5.120000E-5	-9.800000E-6
1.120000E+2	5.170000E-5	-1.090000E-5
1.120000E+2	5.245000E-5	-1.035000E-5
1.120000E+2	5.175000E-5	-9.350000E-6
1.120000E+2	5.125000E-5	-1.105000E-5
1.120000E+2	5.115000E-5	-1.005000E-5
1.120000E+2	5.060000E-5	-1.055000E-5
1.120000E+2	5.140000E-5	-9.600000E-6
1.120000E+2	5.250000E-5	-1.205000E-5
1.120000E+2	5.145000E-5	-1.080000E-5
1.120000E+2	5.110000E-5	-9.900000E-6
1.120000E+2	5.195000E-5	-9.900000E-6
1.120000E+2	5.210000E-5	-1.090000E-5
1.120000E+2	5.160000E-5	-9.800000E-6
1.120000E+2	5.245000E-5	-1.055000E-5
1.120000E+2	5.220000E-5	-1.065000E-5
1.120000E+2	5.165000E-5	-9.300000E-6
1.130000E+2	5.110000E-5	-1.380000E-5
1.130000E+2	5.275000E-5	-1.015000E-5
1.130000E+2	5.260000E-5	-1.055000E-5
1.130000E+2	5.270000E-5	-1.030000E-5
1.130000E+2	5.250000E-5	-1.025000E-5
1.130000E+2	5.375000E-5	-1.125000E-5
1.130000E+2	5.340000E-5	-1.030000E-5
1.130000E+2	5.160000E-5	-9.550000E-6
1.130000E+2	5.245000E-5	-1.130000E-5
1.130000E+2	5.245000E-5	-1.030000E-5
1.130000E+2	5.275000E-5	-1.055000E-5
1.130000E+2	5.370000E-5	-1.090000E-5
1.130000E+2	5.360000E-5	-1.005000E-5
1.130000E+2	5.310000E-5	-9.550000E-6
1.130000E+2	5.270000E-5	-1.025000E-5
1.130000E+2	5.290000E-5	-9.600000E-6
1.130000E+2	5.385000E-5	-1.005000E-5
1.130000E+2	5.225000E-5	-9.400000E-6
1.130000E+2	5.310000E-5	-1.030000E-5
1.130000E+2	5.415000E-5	-1.055000E-5
1.140000E+2	5.300000E-5	-1.480000E-5
1.140000E+2	5.510000E-5	-9.850000E-6
1.140000E+2	5.465000E-5	-1.135000E-5
1.140000E+2	5.350000E-5	-1.150000E-5
1.140000E+2	5.315000E-5	-9.750000E-6
1.140000E+2	5.445000E-5	-1.050000E-5
1.140000E+2	5.560000E-5	-9.350000E-6
1.140000E+2	5.520000E-5	-9.400000E-6
1.140000E+2	5.470000E-5	-8.300000E-6
1.140000E+2	5.495000E-5	-1.065000E-5
1.140000E+2	5.575000E-5	-1.005000E-5
1.140000E+2	5.400000E-5	-9.900000E-6
1.140000E+2	5.510000E-5	-9.400000E-6
1.140000E+2	5.600000E-5	-1.050000E-5
1.140000E+2	5.520000E-5	-1.085000E-5
1.140000E+2	5.445000E-5	-1.025000E-5
1.140000E+2	5.435000E-5	-9.300000E-6
1.140000E+2	5.540000E-5	-9.650000E-6
1.140000E+2	5.450000E-5	-1.080000E-5
1.140000E+2	5.715000E-5	-1.050000E-5
1.150000E+2	5.470000E-5	-1.225000E-5
1.150000E+2	5.485000E-5	-8.300000E-6
1.150000E+2	5.520000E-5	-1.015000E-5
1.150000E+2	5.835000E-5	-9.400000E-6
1.150000E+2	5.710000E-5	-8.650000E-6
1.150000E+2	5.575000E-5	-1.015000E-5
1.150000E+2	5.565000E-5	-7.050000E-6
1.150000E+2	5.525000E-5	-9.300000E-6
1.150000E+2	5.590000E-5	-1.000000E-5
1.150000E+2	5.850000E-5	-9.150000E-6
1.150000E+2	5.695000E-5	-7.050000E-6
1.150000E+2	5.885000E-5	-1.160000E-5
1.150000E+2	5.510000E-5	-9.550000E-6
1.150000E+2	5.570000E-5	-6.900000E-6
1.150000E+2	5.775000E-5	-9.300000E-6
1.150000E+2	5.700000E-5	-1.325000E-5
1.150000E+2	5.240000E-5	-8.550000E-6
1.150000E+2	5.735000E-5	-7.350000E-6
1.150000E+2	5.715000E-5	-1.065000E-5
1.150000E+2	5.515000E-5	-8.050000E-6
1.160000E+2	5.995000E-5	-1.265000E-5
1.160000E+2	6.025000E-5	-1.175000E-5
1.160000E+2	5.925000E-5	-1.210000E-5
1.160000E+2	5.750000E-5	-1.030000E-5
1.160000E+2	5.645000E-5	-8.300000E-6
1.160000E+2	5.870000E-5	-1.115000E-5
1.160000E+2	5.795000E-5	-9.900000E-6
1.160000E+2	5.850000E-5	-8.600000E-6
1.160000E+2	5.840000E-5	-1.115000E-5
1.160000E+2	5.710000E-5	-9.250000E-6
1.160000E+2	5.915000E-5	-1.025000E-5
1.160000E+2	5.890000E-5	-1.065000E-5
1.160000E+2	5.885000E-5	-9.350000E-6
1.160000E+2	5.945000E-5	-1.010000E-5
1.160000E+2	5.800000E-5	-1.075000E-5
1.160000E+2	5.790000E-5	-1.010000E-5
1.160000E+2	5.745000E-5	-7.900000E-6
1.160000E+2	5.760000E-5	-1.030000E-5
1.160000E+2	5.840000E-5	-1.040000E-5
1.160000E+2	5.860000E-5	-8.550000E-6
1.170000E+2	5.915000E-5	-1.525000E-5
1.170000E+2	6.025000E-5	-9.800000E-6
1.170000E+2	5.935000E-5	-8.850000E-6
1.170000E+2	6.115000E-5	-1.055000E-5
1.170000E+2	6.010000E-5	-1.065000E-5
1.170000E+2	5.975000E-5	-9.650000E-6
1.170000E+2	6.100000E-5	-1.005000E-5
1.170000E+2	6.095000E-5	-1.055000E-5
1.170000E+2	5.920000E-5	-7.550000E-6
1.170000E+2	6.170000E-5	-9.650000E-6
1.170000E+2	6.200000E-5	-1.065000E-5
1.170000E+2	6.060000E-5	-9.650000E-6
1.170000E+2	6.020000E-5	-9.750000E-6
1.170000E+2	6.095000E-5	-1.065000E-5
1.170000E+2	6.125000E-5	-8.800000E-6
1.170000E+2	5.985000E-5	-7.800000E-6
1.170000E+2	6.050000E-5	-1.035000E-5
1.170000E+2	6.100000E-5	-1.005000E-5
1.170000E+2	6.050000E-5	-1.005000E-5
1.170000E+2	6.075000E-5	-9.300000E-6
1.180000E+2	6.190000E-5	-1.375000E-5
1.180000E+2	6.435000E-5	-1.085000E-5
1.180000E+2	6.375000E-5	-9.650000E-6
1.180000E+2	6.215000E-5	-9.550000E-6
1.180000E+2	6.480000E-5	-9.300000E-6
1.180000E+2	6.395000E-5	-9.350000E-6
1.180000E+2	6.245000E-5	-8.850000E-6
1.180000E+2	6.325000E-5	-6.250000E-6
1.180000E+2	6.445000E-5	-7.900000E-6
1.180000E+2	6.440000E-5	-1.065000E-5
1.180000E+2	6.325000E-5	-9.300000E-6
1.180000E+2	6.235000E-5	-7.550000E-6
1.180000E+2	6.335000E-5	-8.750000E-6
1.180000E+2	6.220000E-5	-1.040000E-5
1.180000E+2	6.220000E-5	-7.800000E-6
1.180000E+2	6.245000E-5	-8.550000E-6
1.180000E+2	6.300000E-5	-9.400000E-6
1.180000E+2	6.275000E-5	-9.750000E-6
1.180000E+2	6.325000E-5	-9.400000E-6
1.180000E+2	6.290000E-5	-9.050000E-6
1.190000E+2	6.200000E-5	-1.250000E-5
1.190000E+2	6.530000E-5	-9.300000E-6
1.190000E+2	6.635000E-5	-1.155000E-5
1.190000E+2	6.530000E-5	-1.040000E-5
1.190000E+2	6.340000E-5	-9.400000E-6
1.190000E+2	6.430000E-5	-9.500000E-6
1.190000E+2	6.635000E-5	-1.005000E-5
1.190000E+2	6.540000E-5	-1.240000E-5
1.190000E+2	6.285000E-5	-8.400000E-6
1.190000E+2	6.375000E-5	-6.900000E-6
1.190000E+2	6.595000E-5	-9.400000E-6
1.190000E+2	6.430000E-5	-1.100000E-5
1.190000E+2	6.510000E-5	-1.005000E-5
1.190000E+2	6.320000E-5	-9.300000E-6
1.190000E+2	6.605000E-5	-8.050000E-6
1.190000E+2	6.570000E-5	-1.090000E-5
1.190000E+2	6.385000E-5	-9.550000E-6
1.190000E+2	6.375000E-5	-7.800000E-6
1.190000E+2	6.545000E-5	-7.800000E-6
1.190000E+2	6.585000E-5	-9.900000E-6
1.200000E+2	6.605000E-5	-1.580000E-5
1.200000E+2	6.635000E-5	-8.300000E-6
1.200000E+2	6.805000E-5	-7.350000E-6
1.200000E+2	6.945000E-5	-8.300000E-6
1.200000E+2	7.055000E-5	-1.105000E-5
1.200000E+2	6.805000E-5	-1.040000E-5
1.200000E+2	6.545000E-5	-8.250000E-6
1.200000E+2	6.720000E-5	-7.150000E-6
1.200000E+2	6.880000E-5	-8.600000E-6
1.200000E+2	6.985000E-5	-9.150000E-6
1.200000E+2	6.635000E-5	-8.300000E-6
1.200000E+2	6.740000E-5	-6.750000E-6
1.200000E+2	6.940000E-5	-1.000000E-5
1.200000E+2	6.960000E-5	-1.060000E-5
1.200000E+2	6.655000E-5	-9.300000E-6
1.200000E+2	6.595000E-5	-7.100000E-6
1.200000E+2	6.790000E-5	-9.100000E-6
1.200000E+2	6.860000E-5	-1.180000E-5
1.200000E+2	6.420000E-5	-8.050000E-6
1.200000E+2	6.670000E-5	-5.650000E-6
1.210000E+2	6.515000E-5	-6.650000E-6
1.210000E+2	7.265000E-5	-2.900000E-6
1.210000E+2	7.565000E-5	-7.500000E-6
1.210000E+2	7.305000E-5	-8.150000E-6
1.210000E+2	6.865000E-5	-3.550000E-6
1.210000E+2	6.915000E-5	-3.000000E-7
1.210000E+2	7.245000E-5	-4.550000E-6
1.210000E+2	7.635000E-5	-1.005000E-5
1.210000E+2	7.115000E-5	-7.400000E-6
1.210000E+2	6.895000E-5	-6.150000E-6
1.210000E+2	6.890000E-5	-2.500000E-7
1.210000E+2	7.140000E-5	-1.050000E-6
1.210000E+2	7.330000E-5	-3.750000E-6
1.210000E+2	7.435000E-5	-6.350000E-6
1.210000E+2	7.440000E-5	-1.040000E-5
1.210000E+2	7.185000E-5	-8.550000E-6
1.210000E+2	7.045000E-5	-5.500000E-6
1.210000E+2	7.135000E-5	-1.900000E-6
1.210000E+2	7.265000E-5	-8.500000E-7
1.210000E+2	7.595000E-5	-5.000000E-6
1.220000E+2	6.865000E-5	-1.225000E-5
1.220000E+2	6.415000E-5	2.600000E-6
1.220000E+2	7.890000E-5	8.500000E-7
1.220000E+2	8.260000E-5	-3.300000E-6
1.220000E+2	8.385000E-5	-9.550000E-6
1.220000E+2	8.205000E-5	-1.035000E-5
1.220000E+2	8.030000E-5	-1.135000E-5
1.220000E+2	7.190000E-5	-1.935000E-5
1.220000E+2	7.435000E-5	-1.290000E-5
1.220000E+2	7.180000E-5	-1.265000E-5
1.220000E+2	7.060000E-5	-8.400000E-6
1.220000E+2	7.820000E-5	1.800000E-6
1.220000E+2	8.000000E-5	6.400000E-6
1.220000E+2	8.025000E-5	4.150000E-6
1.220000E+2	8.310000E-5	4.000000E-7
1.220000E+2	8.510000E-5	-2.150000E-6
1.220000E+2	8.085000E-5	-4.900000E-6
1.220000E+2	7.260000E-5	-6.050000E-6
1.220000E+2	6.970000E-5	-3.800000E-6
1.220000E+2	7.420000E-5	6.000000E-7
1.230000E+2	5.670000E-5	-1.050000E-6
1.230000E+2	6.805000E-5	2.550000E-6
1.230000E+2	7.790000E-5	4.150000E-6
1.230000E+2	8.285000E-5	1.650000E-6
1.230000E+2	8.860000E-5	-7.550000E-6
1.230000E+2	9.000000E-5	-1.635000E-5
1.230000E+2	8.135000E-5	-1.950000E-5
1.230000E+2	7.465000E-5	-1.855000E-5
1.230000E+2	6.840000E-5	-1.005000E-5
1.230000E+2	6.375000E-5	-4.400000E-6
1.230000E+2	6.490000E-5	6.000000E-7
1.230000E+2	7.080000E-5	3.250000E-6
1.230000E+2	8.205000E-5	8.500000E-7
1.230000E+2	8.980000E-5	3.500000E-7
1.230000E+2	8.950000E-5	-1.215000E-5
1.230000E+2	8.760000E-5	-1.810000E-5
1.230000E+2	8.165000E-5	-2.010000E-5
1.230000E+2	7.095000E-5	-1.565000E-5
1.230000E+2	6.490000E-5	-1.185000E-5
1.230000E+2	6.530000E-5	-3.150000E-6
1.240000E+2	9.440000E-5	-4.375000E-5
1.240000E+2	1.017500E-4	-4.695000E-5
1.240000E+2	8.150000E-5	-4.800000E-5
1.240000E+2	6.290000E-5	-3.970000E-5
1.240000E+2	4.940000E-5	-2.060000E-5
1.240000E+2	3.720000E-5	1.000000E-6
1.240000E+2	4.145000E-5	1.695000E-5
1.240000E+2	4.920000E-5	2.905000E-5
1.240000E+2	5.925000E-5	4.000000E-5
1.240000E+2	7.495000E-5	4.165000E-5
1.240000E+2	8.450000E-5	3.950000E-5
1.240000E+2	9.405000E-5	3.400000E-5
1.240000E+2	9.530000E-5	3.185000E-5
1.240000E+2	1.022000E-4	2.705000E-5
1.240000E+2	1.109500E-4	2.830000E-5
1.240000E+2	1.141500E-4	2.145000E-5
1.240000E+2	1.165500E-4	1.300000E-5
1.240000E+2	1.215000E-4	1.550000E-6
1.240000E+2	1.181500E-4	-1.660000E-5
1.240000E+2	1.200500E-4	-2.775000E-5
1.250000E+2	1.600000E-6	4.145000E-5
1.250000E+2	-1.678000E-4	9.805000E-5
1.250000E+2	-1.507000E-4	1.569000E-4
1.250000E+2	-8.955000E-5	2.108500E-4
1.250000E+2	-2.825000E-5	2.421000E-4
1.250000E+2	3.495000E-5	2.531000E-4
1.250000E+2	1.077000E-4	2.526000E-4
1.250000E+2	1.828500E-4	2.064000E-4
1.250000E+2	2.551500E-4	1.464000E-4
1.250000E+2	2.551500E-4	7.295000E-5
1.250000E+2	2.551500E-4	2.035000E-5
1.250000E+2	2.551500E-4	-5.440000E-5
1.250000E+2	2.551500E-4	-1.154000E-4
1.250000E+2	2.551500E-4	-1.720500E-4
1.250000E+2	2.551500E-4	-2.145000E-4
1.250000E+2	2.014000E-4	-2.535500E-4
1.250000E+2	1.586500E-4	-2.551500E-4
1.250000E+2	1.014500E-4	-2.551500E-4
1.250000E+2	5.265000E-5	-2.551500E-4
1.250000E+2	-1.760000E-5	-2.479000E-4
1.260000E+2	-1.900000E-6	-9.015000E-5
1.260000E+2	7.965000E-5	-4.555000E-5
1.260000E+2	8.250000E-5	-4.565000E-5
1.260000E+2	8.725000E-5	-4.325000E-5
1.260000E+2	9.700000E-5	-4.530000E-5
1.260000E+2	9.485000E-5	-4.455000E-5
1.260000E+2	1.033500E-4	-3.965000E-5
1.260000E+2	1.070000E-4	-3.980000E-5
1.260000E+2	1.097000E-4	-3.895000E-5
1.260000E+2	1.113000E-4	-3.365000E-5
1.260000E+2	1.165000E-4	-3.570000E-5
1.260000E+2	1.202500E-4	-3.025000E-5
1.260000E+2	1.164500E-4	-3.225000E-5
1.260000E+2	1.179500E-4	-3.105000E-5
1.260000E+2	1.189000E-4	-3.240000E-5
1.260000E+2	1.187000E-4	-3.245000E-5
1.260000E+2	1.217000E-4	-2.830000E-5
1.260000E+2	1.222000E-4	-2.500000E-5
1.260000E+2	1.258000E-4	-2.350000E-5
1.260000E+2	1.271500E-4	-1.950000E-5
1.270000E+2	9.695000E-5	-1.180000E-5
1.270000E+2	9.235000E-5	-1.190000E-5
1.270000E+2	9.610000E-5	-1.015000E-5
1.270000E+2	1.024500E-4	-8.050000E-6
1.270000E+2	1.058500E-4	-1.300000E-6
1.270000E+2	1.066000E-4	4.350000E-6
1.270000E+2	1.050500E-4	1.010000E-5
1.270000E+2	1.010500E-4	1.425000E-5
1.270000E+2	9.375000E-5	1.410000E-5
1.270000E+2	8.880000E-5	8.250000E-6
1.270000E+2	8.440000E-5	5.350000E-6
1.270000E+2	8.235000E-5	-1.500000E-7
1.270000E+2	8.265000E-5	-5.300000E-6
1.270000E+2	8.485000E-5	-8.550000E-6
1.270000E+2	8.760000E-5	-1.085000E-5
1.270000E+2	9.200000E-5	-1.065000E-5
1.270000E+2	9.600000E-5	-1.155000E-5
1.270000E+2	9.855000E-5	-1.040000E-5
1.270000E+2	1.010500E-4	-9.050000E-6
1.270000E+2	1.020500E-4	-6.300000E-6
1.280000E+2	1.022000E-4	1.850000E-6
1.280000E+2	1.035500E-4	9.000000E-6
1.280000E+2	1.008500E-4	1.130000E-5
1.280000E+2	9.835000E-5	9.100000E-6
1.280000E+2	9.570000E-5	5.400000E-6
1.280000E+2	9.630000E-5	3.000000E-6
1.280000E+2	9.465000E-5	4.000000E-7
1.280000E+2	9.655000E-5	5.000000E-8
1.280000E+2	9.900000E-5	-1.000000E-7
1.280000E+2	1.006000E-4	-5.500000E-7
1.280000E+2	1.024500E-4	-1.500000E-7
1.280000E+2	1.053500E-4	1.550000E-6
1.280000E+2	1.038000E-4	1.600000E-6
1.280000E+2	1.064500E-4	4.150000E-6
1.280000E+2	1.062000E-4	3.500000E-6
1.280000E+2	1.054500E-4	4.500000E-6
1.280000E+2	1.048500E-4	6.300000E-6
1.280000E+2	1.037500E-4	9.500000E-6
1.280000E+2	1.034500E-4	1.080000E-5
1.280000E+2	1.015000E-4	1.135000E-5
1.290000E+2	1.035500E-4	1.500000E-7
1.290000E+2	1.082500E-4	1.175000E-5
1.290000E+2	1.088500E-4	1.280000E-5
1.290000E+2	1.074500E-4	1.360000E-5
1.290000E+2	1.040000E-4	1.130000E-5
1.290000E+2	1.040000E-4	9.100000E-6
1.290000E+2	1.050500E-4	7.400000E-6
1.290000E+2	1.065000E-4	7.650000E-6
1.290000E+2	1.085500E-4	1.085000E-5
1.290000E+2	1.089500E-4	1.250000E-5
1.290000E+2	1.050500E-4	1.250000E-5
1.290000E+2	1.029500E-4	9.050000E-6
1.290000E+2	1.038500E-4	6.800000E-6
1.290000E+2	1.070500E-4	9.300000E-6
1.290000E+2	1.095500E-4	1.065000E-5
1.290000E+2	1.058000E-4	1.135000E-5
1.290000E+2	1.030500E-4	7.150000E-6
1.290000E+2	1.040000E-4	6.750000E-6
1.290000E+2	1.083500E-4	9.350000E-6
1.290000E+2	1.095000E-4	1.285000E-5
1.300000E+2	1.081000E-4	6.900000E-6
1.300000E+2	1.116000E-4	1.275000E-5
1.300000E+2	1.113500E-4	1.030000E-5
1.300000E+2	1.141500E-4	1.430000E-5
1.300000E+2	1.150500E-4	1.705000E-5
1.300000E+2	1.107500E-4	1.480000E-5
1.300000E+2	1.093000E-4	1.205000E-5
1.300000E+2	1.103500E-4	1.130000E-5
1.300000E+2	1.133000E-4	1.300000E-5
1.300000E+2	1.137000E-4	1.330000E-5
1.300000E+2	1.141500E-4	1.625000E-5
1.300000E+2	1.100000E-4	1.360000E-5
1.300000E+2	1.108000E-4	1.280000E-5
1.300000E+2	1.108000E-4	1.065000E-5
1.300000E+2	1.120500E-4	1.035000E-5
1.300000E+2	1.144000E-4	1.280000E-5
1.300000E+2	1.132500E-4	1.385000E-5
1.300000E+2	1.148000E-4	1.335000E-5
1.300000E+2	1.140000E-4	1.360000E-5
1.300000E+2	1.124500E-4	1.490000E-5
1.310000E+2	1.201500E-4	1.225000E-5
1.310000E+2	1.199500E-4	2.125000E-5
1.310000E+2	1.204500E-4	2.020000E-5
1.310000E+2	1.190500E-4	2.135000E-5
1.310000E+2	1.133000E-4	2.155000E-5
1.310000E+2	1.181500E-4	2.035000E-5
1.310000E+2	1.179000E-4	1.950000E-5
1.310000E+2	1.202000E-4	1.930000E-5
1.310000E+2	1.207500E-4	2.125000E-5
1.310000E+2	1.187500E-4	2.155000E-5
1.310000E+2	1.173000E-4	2.055000E-5
1.310000E+2	1.168000E-4	1.975000E-5
1.310000E+2	1.190000E-4	1.960000E-5
1.310000E+2	1.206500E-4	2.030000E-5
1.310000E+2	1.194000E-4	2.250000E-5
1.310000E+2	1.193000E-4	2.220000E-5
1.310000E+2	1.183000E-4	2.185000E-5
1.310000E+2	1.182500E-4	1.835000E-5
1.310000E+2	1.481500E-4	3.170000E-5
1.310000E+2	1.201500E-4	2.130000E-5
1.320000E+2	1.210000E-4	1.855000E-5
1.320000E+2	1.277500E-4	2.860000E-5
1.320000E+2	1.265500E-4	2.830000E-5
1.320000E+2	1.246500E-4	2.785000E-5
1.320000E+2	1.265000E-4	2.595000E-5
1.320000E+2	1.265500E-4	2.760000E-5
1.320000E+2	1.265500E-4	2.775000E-5
1.320000E+2	1.254000E-4	2.800000E-5
1.320000E+2	1.257000E-4	2.695000E-5
1.320000E+2	1.267000E-4	2.600000E-5
1.320000E+2	1.262500E-4	2.705000E-5
1.320000E+2	1.279500E-4	2.680000E-5
1.320000E+2	1.259000E-4	2.860000E-5
1.320000E+2	1.249000E-4	2.630000E-5
1.320000E+2	1.267000E-4	2.585000E-5
1.320000E+2	1.261500E-4	2.855000E-5
1.320000E+2	1.267500E-4	2.755000E-5
1.320000E+2	1.242500E-4	2.670000E-5
1.320000E+2	1.261500E-4	2.905000E-5
1.320000E+2	1.270000E-4	3.005000E-5
1.330000E+2	1.287500E-4	2.905000E-5
1.330000E+2	1.333500E-4	3.715000E-5
1.330000E+2	1.322000E-4	3.920000E-5
1.330000E+2	1.343500E-4	3.900000E-5
1.330000E+2	1.321000E-4	3.900000E-5
1.330000E+2	1.330000E-4	3.850000E-5
1.330000E+2	1.312000E-4	3.830000E-5
1.330000E+2	1.336000E-4	3.995000E-5
1.330000E+2	1.319500E-4	4.015000E-5
1.330000E+2	1.326500E-4	3.845000E-5
1.330000E+2	1.325000E-4	3.875000E-5
1.330000E+2	1.320000E-4	3.720000E-5
1.330000E+2	1.327000E-4	3.920000E-5
1.330000E+2	1.344000E-4	4.080000E-5
1.330000E+2	1.341000E-4	3.975000E-5
1.330000E+2	1.324500E-4	3.845000E-5
1.330000E+2	1.351500E-4	3.845000E-5
1.330000E+2	1.346000E-4	4.050000E-5
1.330000E+2	1.319500E-4	3.870000E-5
1.330000E+2	1.322500E-4	3.720000E-5
1.340000E+2	1.373500E-4	4.105000E-5
1.340000E+2	1.393500E-4	5.210000E-5
1.340000E+2	1.404000E-4	5.260000E-5
1.340000E+2	1.394500E-4	5.315000E-5
1.340000E+2	1.389500E-4	5.140000E-5
1.340000E+2	1.408500E-4	5.235000E-5
1.340000E+2	1.402000E-4	5.070000E-5
1.340000E+2	1.401000E-4	5.125000E-5
1.340000E+2	1.416000E-4	5.350000E-5
1.340000E+2	1.406500E-4	5.400000E-5
1.340000E+2	1.396500E-4	5.235000E-5
1.340000E+2	1.402000E-4	5.095000E-5
1.340000E+2	1.394500E-4	5.270000E-5
1.340000E+2	1.397000E-4	5.250000E-5
1.340000E+2	1.407000E-4	5.095000E-5
1.340000E+2	1.400000E-4	5.260000E-5
1.340000E+2	1.421500E-4	5.365000E-5
1.340000E+2	1.380000E-4	5.285000E-5
1.340000E+2	1.395000E-4	5.265000E-5
1.340000E+2	1.397500E-4	5.435000E-5
1.350000E+2	1.427000E-4	5.440000E-5
1.350000E+2	1.455500E-4	6.375000E-5
1.350000E+2	1.464500E-4	6.590000E-5
1.350000E+2	1.466500E-4	6.490000E-5
1.350000E+2	1.458000E-4	6.360000E-5
1.350000E+2	1.466500E-4	6.630000E-5
1.350000E+2	1.449000E-4	6.345000E-5
1.350000E+2	1.458000E-4	6.610000E-5
1.350000E+2	1.464000E-4	6.735000E-5
1.350000E+2	1.454000E-4	6.375000E-5
1.350000E+2	1.446000E-4	6.580000E-5
1.350000E+2	1.443500E-4	6.530000E-5
1.350000E+2	1.442000E-4	6.630000E-5
1.350000E+2	1.461000E-4	6.470000E-5
1.350000E+2	1.458000E-4	6.490000E-5
1.350000E+2	1.459000E-4	6.335000E-5
1.350000E+2	1.442000E-4	6.380000E-5
1.350000E+2	1.467000E-4	6.555000E-5
1.350000E+2	1.452000E-4	6.560000E-5
1.350000E+2	1.459500E-4	6.595000E-5
1.360000E+2	1.482000E-4	7.510000E-5
1.360000E+2	1.494500E-4	8.785000E-5
1.360000E+2	1.495500E-4	8.840000E-5
1.360000E+2	1.479500E-4	8.575000E-5
1.360000E+2	1.490500E-4	8.700000E-5
1.360000E+2	1.476500E-4	8.810000E-5
1.360000E+2	1.488000E-4	8.780000E-5
1.360000E+2	1.476500E-4	8.785000E-5
1.360000E+2	1.486500E-4	8.740000E-5
1.360000E+2	1.481000E-4	8.830000E-5
1.360000E+2	1.484500E-4	8.990000E-5
1.360000E+2	1.497000E-4	8.730000E-5
1.360000E+2	1.478500E-4	8.835000E-5
1.360000E+2	1.484000E-4	8.640000E-5
1.360000E+2	1.479000E-4	8.810000E-5
1.360000E+2	1.491500E-4	8.605000E-5
1.360000E+2	1.474500E-4	8.725000E-5
1.360000E+2	1.471500E-4	8.855000E-5
1.360000E+2	1.484500E-4	8.825000E-5
1.360000E+2	1.474500E-4	8.715000E-5
1.370000E+2	1.544000E-4	9.695000E-5
1.370000E+2	1.477000E-4	1.077500E-4
1.370000E+2	1.473500E-4	1.083500E-4
1.370000E+2	1.407500E-4	1.210500E-4
1.370000E+2	1.511000E-4	1.136500E-4
1.370000E+2	1.515500E-4	1.097000E-4
1.370000E+2	1.467000E-4	1.080500E-4
1.370000E+2	1.493000E-4	1.101000E-4
1.370000E+2	1.483000E-4	1.080000E-4
1.370000E+2	1.487000E-4	1.097500E-4
1.370000E+2	1.482000E-4	1.097000E-4
1.370000E+2	1.486000E-4	1.084500E-4
1.370000E+2	1.491500E-4	1.085500E-4
1.370000E+2	1.504000E-4	1.067500E-4
1.370000E+2	1.496000E-4	1.093000E-4
1.370000E+2	1.479000E-4	1.087000E-4
1.370000E+2	1.480500E-4	1.081000E-4
1.370000E+2	1.493500E-4	1.100500E-4
1.370000E+2	1.490500E-4	1.070500E-4
1.370000E+2	1.490500E-4	1.087000E-4
1.380000E+2	1.506000E-4	1.195500E-4
1.380000E+2	1.469000E-4	1.314500E-4
1.380000E+2	1.424000E-4	1.327000E-4
1.380000E+2	1.415000E-4	1.340000E-4
1.380000E+2	1.409000E-4	1.335000E-4
1.380000E+2	1.427500E-4	1.334000E-4
1.380000E+2	1.418500E-4	1.340000E-4
1.380000E+2	1.438000E-4	1.339500E-4
1.380000E+2	1.427500E-4	1.322500E-4
1.380000E+2	1.453500E-4	1.341500E-4
1.380000E+2	1.414000E-4	1.352000E-4
1.380000E+2	1.426000E-4	1.335000E-4
1.380000E+2	1.417000E-4	1.323500E-4
1.380000E+2	1.423500E-4	1.312000E-4
1.380000E+2	1.416500E-4	1.327500E-4
1.380000E+2	1.438500E-4	1.330000E-4
1.380000E+2	1.426500E-4	1.317500E-4
1.380000E+2	1.425000E-4	1.329500E-4
1.380000E+2	1.435000E-4	1.326500E-4
1.380000E+2	1.404000E-4	1.334000E-4
1.390000E+2	1.436500E-4	1.415000E-4
1.390000E+2	1.308500E-4	1.547000E-4
1.390000E+2	1.293500E-4	1.549500E-4
1.390000E+2	1.292000E-4	1.544000E-4
1.390000E+2	1.307500E-4	1.540500E-4
1.390000E+2	1.300000E-4	1.562000E-4
1.390000E+2	1.291000E-4	1.545500E-4
1.390000E+2	1.306000E-4	1.568000E-4
1.390000E+2	1.306500E-4	1.546500E-4
1.390000E+2	1.332000E-4	1.555500E-4
1.390000E+2	1.282000E-4	1.543000E-4
1.390000E+2	1.312000E-4	1.549500E-4
1.390000E+2	1.312500E-4	1.536000E-4
1.390000E+2	1.296000E-4	1.527000E-4
1.390000E+2	1.316000E-4	1.538500E-4
1.390000E+2	1.295000E-4	1.578000E-4
1.390000E+2	1.293500E-4	1.559500E-4
1.390000E+2	1.300000E-4	1.558500E-4
1.390000E+2	1.304000E-4	1.551500E-4
1.390000E+2	1.284500E-4	1.572000E-4
1.400000E+2	1.230000E-4	1.674000E-4
1.400000E+2	1.135000E-4	1.785000E-4
1.400000E+2	1.095500E-4	1.766000E-4
1.400000E+2	1.070000E-4	1.842000E-4
1.400000E+2	1.084500E-4	1.757000E-4
1.400000E+2	1.075500E-4	1.778500E-4
1.400000E+2	1.090500E-4	1.782500E-4
1.400000E+2	1.085500E-4	1.768000E-4
1.400000E+2	1.107000E-4	1.765000E-4
1.400000E+2	1.094500E-4	1.783000E-4
1.400000E+2	1.102000E-4	1.788500E-4
1.400000E+2	1.088500E-4	1.768500E-4
1.400000E+2	1.096000E-4	1.792500E-4
1.400000E+2	1.088000E-4	1.783500E-4
1.400000E+2	1.085500E-4	1.772500E-4
1.400000E+2	1.082500E-4	1.786000E-4
1.400000E+2	1.098000E-4	1.793000E-4
1.400000E+2	1.103500E-4	1.775000E-4
1.400000E+2	1.096000E-4	1.771000E-4
1.400000E+2	1.090500E-4	1.772500E-4
1.410000E+2	1.101000E-4	1.847500E-4
1.410000E+2	8.565000E-5	1.910000E-4
1.410000E+2	8.305000E-5	1.927500E-4
1.410000E+2	8.415000E-5	1.919500E-4
1.410000E+2	8.240000E-5	1.940000E-4
1.410000E+2	8.000000E-5	1.965000E-4
1.410000E+2	8.105000E-5	1.949500E-4
1.410000E+2	8.125000E-5	1.939000E-4
1.410000E+2	8.100000E-5	1.939000E-4
1.410000E+2	8.040000E-5	1.955000E-4
1.410000E+2	8.135000E-5	1.956500E-4
1.410000E+2	7.990000E-5	1.952000E-4
1.410000E+2	8.005000E-5	1.970000E-4
1.410000E+2	7.895000E-5	1.949500E-4
1.410000E+2	7.975000E-5	1.967000E-4
1.410000E+2	7.970000E-5	1.953000E-4
1.410000E+2	7.880000E-5	1.961500E-4
1.410000E+2	8.075000E-5	1.956500E-4
1.410000E+2	7.865000E-5	1.963000E-4
1.410000E+2	8.035000E-5	1.952000E-4
1.420000E+2	7.985000E-5	1.930000E-4
1.420000E+2	5.270000E-5	1.983000E-4
1.420000E+2	4.835000E-5	2.017000E-4
1.420000E+2	4.925000E-5	2.015500E-4
1.420000E+2	5.070000E-5	2.004000E-4
1.420000E+2	4.925000E-5	2.009000E-4
1.420000E+2	4.940000E-5	2.005500E-4
1.420000E+2	4.945000E-5	2.004500E-4
1.420000E+2	4.970000E-5	2.001500E-4
1.420000E+2	4.765000E-5	2.323000E-4
1.420000E+2	4.920000E-5	2.034000E-4
1.420000E+2	5.075000E-5	1.985000E-4
1.420000E+2	4.875000E-5	2.002500E-4
1.420000E+2	4.990000E-5	2.026500E-4
1.420000E+2	4.995000E-5	1.999000E-4
1.420000E+2	4.795000E-5	1.999000E-4
1.420000E+2	4.690000E-5	2.027000E-4
1.420000E+2	4.935000E-5	2.046500E-4
1.420000E+2	4.985000E-5	2.018000E-4
1.420000E+2	4.810000E-5	2.009000E-4
1.430000E+2	4.990000E-5	1.985000E-4
1.430000E+2	2.255000E-5	1.966500E-4
1.430000E+2	2.010000E-5	1.988000E-4
1.430000E+2	1.955000E-5	1.997500E-4
1.430000E+2	1.930000E-5	1.987500E-4
1.430000E+2	1.805000E-5	1.970500E-4
1.430000E+2	1.800000E-5	1.985500E-4
1.430000E+2	1.920000E-5	1.965500E-4
1.430000E+2	1.820000E-5	1.985000E-4
1.430000E+2	1.920000E-5	1.994000E-4
1.430000E+2	2.135000E-5	1.980000E-4
1.430000E+2	1.930000E-5	1.989000E-4
1.430000E+2	1.880000E-5	1.997500E-4
1.430000E+2	1.695000E-5	1.963000E-4
1.430000E+2	2.055000E-5	1.991500E-4
1.430000E+2	2.035000E-5	1.988000E-4
1.430000E+2	2.020000E-5	1.980500E-4
1.430000E+2	2.105000E-5	2.005000E-4
1.430000E+2	1.910000E-5	1.999000E-4
1.430000E+2	1.880000E-5	1.976500E-4
1.440000E+2	1.985000E-5	1.887500E-4
1.440000E+2	-2.800000E-6	1.867000E-4
1.440000E+2	-2.250000E-6	1.889500E-4
1.440000E+2	-5.150000E-6	1.885000E-4
1.440000E+2	-2.650000E-6	1.883500E-4
1.440000E+2	-5.050000E-6	1.865500E-4
1.440000E+2	-4.300000E-6	1.876000E-4
1.440000E+2	-2.800000E-6	1.859500E-4
1.440000E+2	-3.400000E-6	1.871000E-4
1.440000E+2	-4.300000E-6	1.863000E-4
1.440000E+2	-3.500000E-6	1.868500E-4
1.440000E+2	-5.550000E-6	1.882500E-4
1.440000E+2	-4.550000E-6	1.886000E-4
1.440000E+2	-2.400000E-6	1.902000E-4
1.440000E+2	-5.100000E-6	1.880500E-4
1.440000E+2	-4.150000E-6	1.871000E-4
1.440000E+2	-2.800000E-6	1.889500E-4
1.440000E+2	-4.650000E-6	1.919000E-4
1.440000E+2	-5.050000E-6	1.894500E-4
1.440000E+2	-1.800000E-6	1.864500E-4
1.450000E+2	-3.150000E-6	1.792000E-4
1.450000E+2	-2.495000E-5	1.708500E-4
1.450000E+2	-2.525000E-5	1.741000E-4
1.450000E+2	-2.970000E-5	1.745500E-4
1.450000E+2	-2.500000E-5	1.749000E-4
1.450000E+2	-2.580000E-5	1.726000E-4
1.450000E+2	-2.525000E-5	1.752500E-4
1.450000E+2	-2.870000E-5	1.730500E-4
1.450000E+2	-2.695000E-5	1.721000E-4
1.450000E+2	-2.775000E-5	1.747500E-4
1.450000E+2	-2.805000E-5	1.765000E-4
1.450000E+2	-2.820000E-5	1.728000E-4
1.450000E+2	-2.700000E-5	1.751500E-4
1.450000E+2	-2.735000E-5	1.743000E-4
1.450000E+2	-2.610000E-5	1.736000E-4
1.450000E+2	-2.500000E-5	1.741500E-4
1.450000E+2	-2.585000E-5	1.739000E-4
1.450000E+2	-2.595000E-5	1.735000E-4
1.450000E+2	-2.425000E-5	1.757000E-4
1.450000E+2	-2.600000E-5	1.769500E-4
1.460000E+2	-2.560000E-5	1.645500E-4
1.460000E+2	-3.480000E-5	1.575500E-4
1.460000E+2	-3.730000E-5	1.589000E-4
1.460000E+2	-3.805000E-5	1.582000E-4
1.460000E+2	-4.490000E-5	1.586500E-4
1.460000E+2	-4.180000E-5	1.581500E-4
1.460000E+2	-4.170000E-5	1.595500E-4
1.460000E+2	-3.930000E-5	1.606000E-4
1.460000E+2	-4.330000E-5	1.586500E-4
1.460000E+2	-4.315000E-5	1.559500E-4
1.460000E+2	-4.120000E-5	1.594000E-4
1.460000E+2	-4.370000E-5	1.574000E-4
1.460000E+2	-4.170000E-5	1.601000E-4
1.460000E+2	-4.080000E-5	1.586500E-4
1.460000E+2	-4.220000E-5	1.561000E-4
1.460000E+2	-4.020000E-5	1.590500E-4
1.460000E+2	-4.075000E-5	1.581500E-4
1.460000E+2	-4.205000E-5	1.569000E-4
1.460000E+2	-4.195000E-5	1.594000E-4
1.460000E+2	-4.015000E-5	1.578000E-4
1.470000E+2	-3.915000E-5	1.458500E-4
1.470000E+2	-5.175000E-5	1.445500E-4
1.470000E+2	-5.015000E-5	1.434000E-4
1.470000E+2	-5.050000E-5	1.460500E-4
1.470000E+2	-5.270000E-5	1.437000E-4
1.470000E+2	-4.985000E-5	1.408500E-4
1.470000E+2	-5.345000E-5	1.460500E-4
1.470000E+2	-5.015000E-5	1.449000E-4
1.470000E+2	-4.915000E-5	1.405000E-4
1.470000E+2	-5.075000E-5	1.424500E-4
1.470000E+2	-5.345000E-5	1.449000E-4
1.470000E+2	-5.040000E-5	1.424500E-4
1.470000E+2	-5.285000E-5	1.424500E-4
1.470000E+2	-4.990000E-5	1.446500E-4
1.470000E+2	-4.995000E-5	1.450500E-4
1.470000E+2	-5.200000E-5	1.422000E-4
1.470000E+2	-5.050000E-5	1.414000E-4
1.470000E+2	-5.385000E-5	1.424500E-4
1.470000E+2	-5.245000E-5	1.410000E-4
1.470000E+2	-5.015000E-5	1.455500E-4
1.480000E+2	-5.240000E-5	1.331500E-4
1.480000E+2	-5.450000E-5	1.232000E-4
1.480000E+2	-6.040000E-5	1.329000E-4
1.480000E+2	-5.540000E-5	1.254000E-4
1.480000E+2	-5.785000E-5	1.287500E-4
1.480000E+2	-5.795000E-5	1.294500E-4
1.480000E+2	-5.245000E-5	1.243000E-4
1.480000E+2	-5.915000E-5	1.284500E-4
1.480000E+2	-5.340000E-5	1.244000E-4
1.480000E+2	-5.940000E-5	1.306000E-4
1.480000E+2	-5.065000E-5	1.242500E-4
1.480000E+2	-5.710000E-5	1.297000E-4
1.480000E+2	-5.140000E-5	1.241500E-4
1.480000E+2	-5.765000E-5	1.321000E-4
1.480000E+2	-5.325000E-5	1.279500E-4
1.480000E+2	-5.575000E-5	1.293500E-4
1.480000E+2	-5.940000E-5	1.282500E-4
1.480000E+2	-5.210000E-5	1.241500E-4
1.480000E+2	-5.735000E-5	1.327500E-4
1.480000E+2	-5.320000E-5	1.251500E-4
1.490000E+2	-5.615000E-5	1.187000E-4
1.490000E+2	-6.125000E-5	1.160000E-4
1.490000E+2	-5.940000E-5	1.131500E-4
1.490000E+2	-6.210000E-5	1.132500E-4
1.490000E+2	-6.435000E-5	1.152500E-4
1.490000E+2	-6.325000E-5	1.122500E-4
1.490000E+2	-6.415000E-5	1.125500E-4
1.490000E+2	-6.300000E-5	1.113000E-4
1.490000E+2	-6.190000E-5	1.137500E-4
1.490000E+2	-6.150000E-5	1.128000E-4
1.490000E+2	-6.015000E-5	1.122000E-4
1.490000E+2	-6.025000E-5	1.113000E-4
1.490000E+2	-6.120000E-5	1.128000E-4
1.490000E+2	-6.185000E-5	1.132000E-4
1.490000E+2	-6.050000E-5	1.145000E-4
1.490000E+2	-6.335000E-5	1.143000E-4
1.490000E+2	-6.060000E-5	1.136500E-4
1.490000E+2	-6.020000E-5	1.153000E-4
1.490000E+2	-6.150000E-5	1.140000E-4
1.490000E+2	-6.290000E-5	1.128000E-4
1.500000E+2	-5.790000E-5	1.137000E-4
1.500000E+2	-5.875000E-5	1.102000E-4
1.500000E+2	-5.690000E-5	1.057500E-4
1.500000E+2	-5.800000E-5	1.050000E-4
1.500000E+2	-5.725000E-5	1.023500E-4
1.500000E+2	-5.690000E-5	9.830000E-5
1.500000E+2	-5.900000E-5	9.725000E-5
1.500000E+2	-6.275000E-5	9.760000E-5
1.500000E+2	-6.445000E-5	9.855000E-5
1.500000E+2	-6.645000E-5	9.785000E-5
1.500000E+2	-6.660000E-5	1.006000E-4
1.500000E+2	-6.620000E-5	1.040000E-4
1.500000E+2	-6.795000E-5	1.052500E-4
1.500000E+2	-6.410000E-5	1.079500E-4
1.500000E+2	-6.165000E-5	1.086000E-4
1.500000E+2	-5.790000E-5	1.069500E-4
1.500000E+2	-5.690000E-5	1.012000E-4
1.500000E+2	-5.795000E-5	9.820000E-5
1.500000E+2	-6.260000E-5	9.850000E-5
1.500000E+2	-6.770000E-5	1.032000E-4
1.510000E+2	-6.570000E-5	9.795000E-5
1.510000E+2	-6.315000E-5	9.180000E-5
1.510000E+2	-6.480000E-5	9.185000E-5
1.510000E+2	-6.250000E-5	9.155000E-5
1.510000E+2	-6.415000E-5	9.305000E-5
1.510000E+2	-6.225000E-5	9.105000E-5
1.510000E+2	-6.580000E-5	9.235000E-5
1.510000E+2	-6.535000E-5	9.175000E-5
1.510000E+2	-6.945000E-5	9.130000E-5
1.510000E+2	-6.250000E-5	9.390000E-5
1.510000E+2	-6.660000E-5	8.235000E-5
1.510000E+2	-6.380000E-5	9.160000E-5
1.510000E+2	-6.175000E-5	8.925000E-5
1.510000E+2	-6.170000E-5	9.160000E-5
1.510000E+2	-6.265000E-5	9.125000E-5
1.510000E+2	-6.590000E-5	9.125000E-5
1.510000E+2	-6.380000E-5	9.185000E-5
1.510000E+2	-6.390000E-5	9.280000E-5
1.510000E+2	-6.520000E-5	9.175000E-5
1.510000E+2	-6.300000E-5	8.930000E-5
1.520000E+2	-6.045000E-5	8.830000E-5
1.520000E+2	-6.200000E-5	8.435000E-5
1.520000E+2	-6.150000E-5	8.415000E-5
1.520000E+2	-6.115000E-5	8.235000E-5
1.520000E+2	-6.140000E-5	8.275000E-5
1.520000E+2	-6.300000E-5	8.205000E-5
1.520000E+2	-6.195000E-5	8.175000E-5
1.520000E+2	-6.150000E-5	8.135000E-5
1.520000E+2	-6.315000E-5	8.335000E-5
1.520000E+2	-6.035000E-5	8.240000E-5
1.520000E+2	-6.195000E-5	8.125000E-5
1.520000E+2	-6.065000E-5	8.290000E-5
1.520000E+2	-6.365000E-5	8.210000E-5
1.520000E+2	-6.210000E-5	8.335000E-5
1.520000E+2	-6.135000E-5	8.330000E-5
1.520000E+2	-6.275000E-5	8.335000E-5
1.520000E+2	-6.405000E-5	8.205000E-5
1.520000E+2	-6.300000E-5	8.315000E-5
1.520000E+2	-6.310000E-5	8.200000E-5
1.520000E+2	-6.260000E-5	8.305000E-5
1.530000E+2	-5.795000E-5	8.115000E-5
1.530000E+2	-5.685000E-5	7.890000E-5
1.530000E+2	-5.800000E-5	7.760000E-5
1.530000E+2	-5.950000E-5	7.640000E-5
1.530000E+2	-5.860000E-5	7.645000E-5
1.530000E+2	-5.700000E-5	7.730000E-5
1.530000E+2	-6.165000E-5	7.935000E-5
1.530000E+2	-6.070000E-5	7.655000E-5
1.530000E+2	-5.535000E-5	7.805000E-5
1.530000E+2	-6.190000E-5	7.015000E-5
1.530000E+2	-5.645000E-5	8.080000E-5
1.530000E+2	-3.995000E-5	7.485000E-5
1.530000E+2	-6.200000E-5	7.940000E-5
1.530000E+2	-5.365000E-5	8.100000E-5
1.530000E+2	-5.590000E-5	7.680000E-5
1.530000E+2	-5.850000E-5	7.640000E-5
1.530000E+2	-5.815000E-5	7.565000E-5
1.530000E+2	-5.695000E-5	7.720000E-5
1.530000E+2	-6.045000E-5	7.430000E-5
1.530000E+2	-6.015000E-5	7.755000E-5
1.540000E+2	-5.525000E-5	7.365000E-5
1.540000E+2	-5.765000E-5	6.935000E-5
1.540000E+2	-5.790000E-5	6.890000E-5
1.540000E+2	-5.700000E-5	6.910000E-5
1.540000E+2	-5.860000E-5	6.860000E-5
1.540000E+2	-5.690000E-5	7.080000E-5
1.540000E+2	-5.800000E-5	6.970000E-5
1.540000E+2	-5.810000E-5	6.885000E-5
1.540000E+2	-5.750000E-5	6.990000E-5
1.540000E+2	-5.820000E-5	7.130000E-5
1.540000E+2	-5.835000E-5	6.970000E-5
1.540000E+2	-5.845000E-5	6.770000E-5
1.540000E+2	-5.650000E-5	6.905000E-5
1.540000E+2	-5.795000E-5	6.920000E-5
1.540000E+2	-5.915000E-5	6.785000E-5
1.540000E+2	-5.775000E-5	7.005000E-5
1.540000E+2	-5.815000E-5	6.720000E-5
1.540000E+2	-5.690000E-5	6.980000E-5
1.540000E+2	-5.770000E-5	7.040000E-5
1.540000E+2	-5.915000E-5	6.780000E-5
1.550000E+2	-5.620000E-5	6.735000E-5
1.550000E+2	-5.650000E-5	6.385000E-5
1.550000E+2	-5.665000E-5	6.335000E-5
1.550000E+2	-5.700000E-5	6.275000E-5
1.550000E+2	-5.675000E-5	6.295000E-5
1.550000E+2	-5.725000E-5	6.320000E-5
1.550000E+2	-5.590000E-5	6.270000E-5
1.550000E+2	-5.690000E-5	6.290000E-5
1.550000E+2	-5.785000E-5	6.300000E-5
1.550000E+2	-5.660000E-5	6.265000E-5
1.550000E+2	-5.595000E-5	6.245000E-5
1.550000E+2	-5.625000E-5	6.375000E-5
1.550000E+2	-5.465000E-5	6.380000E-5
1.550000E+2	-5.660000E-5	6.410000E-5
1.550000E+2	-5.615000E-5	6.440000E-5
1.550000E+2	-5.615000E-5	6.420000E-5
1.550000E+2	-5.665000E-5	6.380000E-5
1.550000E+2	-5.565000E-5	6.380000E-5
1.550000E+2	-5.490000E-5	6.345000E-5
1.550000E+2	-5.625000E-5	6.350000E-5
1.560000E+2	-5.470000E-5	6.190000E-5
1.560000E+2	-5.375000E-5	5.960000E-5
1.560000E+2	-5.320000E-5	5.910000E-5
1.560000E+2	-5.340000E-5	5.920000E-5
1.560000E+2	-5.300000E-5	5.870000E-5
1.560000E+2	-5.385000E-5	5.940000E-5
1.560000E+2	-5.375000E-5	5.895000E-5
1.560000E+2	-5.290000E-5	5.945000E-5
1.560000E+2	-5.315000E-5	6.025000E-5
1.560000E+2	-5.425000E-5	5.840000E-5
1.560000E+2	-5.275000E-5	5.870000E-5
1.560000E+2	-5.375000E-5	5.865000E-5
1.560000E+2	-5.215000E-5	6.015000E-5
1.560000E+2	-5.315000E-5	5.985000E-5
1.560000E+2	-5.275000E-5	5.850000E-5
1.560000E+2	-5.370000E-5	5.820000E-5
1.560000E+2	-5.350000E-5	5.870000E-5
1.560000E+2	-5.325000E-5	5.970000E-5
1.560000E+2	-5.375000E-5	5.895000E-5
1.560000E+2	-5.490000E-5	6.095000E-5
1.570000E+2	-5.165000E-5	5.895000E-5
1.570000E+2	-5.325000E-5	5.325000E-5
1.570000E+2	-5.145000E-5	5.510000E-5
1.570000E+2	-5.100000E-5	5.585000E-5
1.570000E+2	-5.285000E-5	5.585000E-5
1.570000E+2	-5.445000E-5	5.220000E-5
1.570000E+2	-5.240000E-5	5.395000E-5
1.570000E+2	-5.245000E-5	5.420000E-5
1.570000E+2	-5.410000E-5	5.350000E-5
1.570000E+2	-5.175000E-5	5.545000E-5
1.570000E+2	-5.365000E-5	5.460000E-5
1.570000E+2	-5.435000E-5	5.150000E-5
1.570000E+2	-5.220000E-5	5.420000E-5
1.570000E+2	-5.335000E-5	5.385000E-5
1.570000E+2	-5.385000E-5	5.345000E-5
1.570000E+2	-5.250000E-5	5.460000E-5
1.570000E+2	-5.365000E-5	5.270000E-5
1.570000E+2	-5.245000E-5	5.370000E-5
1.570000E+2	-5.265000E-5	5.435000E-5
1.570000E+2	-5.265000E-5	5.500000E-5
1.580000E+2	-5.285000E-5	5.260000E-5
1.580000E+2	-5.115000E-5	4.965000E-5
1.580000E+2	-5.270000E-5	5.025000E-5
1.580000E+2	-5.150000E-5	4.890000E-5
1.580000E+2	-5.225000E-5	5.045000E-5
1.580000E+2	-5.225000E-5	4.985000E-5
1.580000E+2	-5.225000E-5	4.910000E-5
1.580000E+2	-5.240000E-5	4.785000E-5
1.580000E+2	-5.220000E-5	4.850000E-5
1.580000E+2	-5.165000E-5	4.915000E-5
1.580000E+2	-5.140000E-5	4.885000E-5
1.580000E+2	-5.165000E-5	5.045000E-5
1.580000E+2	-5.165000E-5	4.995000E-5
1.580000E+2	-5.325000E-5	5.090000E-5
1.580000E+2	-5.110000E-5	4.795000E-5
1.580000E+2	-5.275000E-5	4.970000E-5
1.580000E+2	-5.160000E-5	4.885000E-5
1.580000E+2	-5.285000E-5	4.950000E-5
1.580000E+2	-5.175000E-5	4.840000E-5
1.580000E+2	-5.285000E-5	4.965000E-5
1.590000E+2	-4.965000E-5	4.800000E-5
1.590000E+2	-5.075000E-5	4.545000E-5
1.590000E+2	-5.115000E-5	4.500000E-5
1.590000E+2	-4.970000E-5	4.575000E-5
1.590000E+2	-5.025000E-5	4.625000E-5
1.590000E+2	-5.000000E-5	4.515000E-5
1.590000E+2	-5.060000E-5	4.550000E-5
1.590000E+2	-5.115000E-5	4.625000E-5
1.590000E+2	-5.125000E-5	4.600000E-5
1.590000E+2	-5.010000E-5	4.565000E-5
1.590000E+2	-5.120000E-5	4.605000E-5
1.590000E+2	-5.120000E-5	4.525000E-5
1.590000E+2	-4.950000E-5	4.575000E-5
1.590000E+2	-4.990000E-5	4.505000E-5
1.590000E+2	-5.065000E-5	4.590000E-5
1.590000E+2	-5.090000E-5	4.555000E-5
1.590000E+2	-5.125000E-5	4.540000E-5
1.590000E+2	-5.025000E-5	4.540000E-5
1.590000E+2	-4.990000E-5	4.650000E-5
1.590000E+2	-5.040000E-5	4.515000E-5
1.600000E+2	-4.755000E-5	4.670000E-5
1.600000E+2	-4.595000E-5	4.405000E-5
1.600000E+2	-4.580000E-5	4.430000E-5
1.600000E+2	-4.680000E-5	4.505000E-5
1.600000E+2	-4.625000E-5	4.390000E-5
1.600000E+2	-4.590000E-5	4.365000E-5
1.600000E+2	-4.680000E-5	4.400000E-5
1.600000E+2	-4.730000E-5	4.290000E-5
1.600000E+2	-4.655000E-5	4.400000E-5
1.600000E+2	-4.620000E-5	4.350000E-5
1.600000E+2	-4.690000E-5	4.345000E-5
1.600000E+2	-4.675000E-5	4.380000E-5
1.600000E+2	-4.705000E-5	4.370000E-5
1.600000E+2	-4.690000E-5	4.390000E-5
1.600000E+2	-4.670000E-5	4.350000E-5
1.600000E+2	-4.675000E-5	4.375000E-5
1.600000E+2	-4.690000E-5	4.365000E-5
1.600000E+2	-4.715000E-5	4.390000E-5
1.600000E+2	-4.765000E-5	4.355000E-5
1.600000E+2	-4.630000E-5	4.415000E-5
1.610000E+2	-4.565000E-5	4.275000E-5
1.610000E+2	-4.605000E-5	4.075000E-5
1.610000E+2	-4.645000E-5	4.070000E-5
1.610000E+2	-4.540000E-5	4.140000E-5
1.610000E+2	-4.570000E-5	4.140000E-5
1.610000E+2	-4.615000E-5	4.015000E-5
1.610000E+2	-4.615000E-5	4.075000E-5
1.610000E+2	-4.650000E-5	4.080000E-5
1.610000E+2	-4.690000E-5	3.990000E-5
1.610000E+2	-4.580000E-5	4.100000E-5
1.610000E+2	-4.545000E-5	4.080000E-5
1.610000E+2	-4.630000E-5	4.005000E-5
1.610000E+2	-4.670000E-5	4.055000E-5
1.610000E+2	-4.615000E-5	4.115000E-5
1.610000E+2	-4.550000E-5	4.020000E-5
1.610000E+2	-4.570000E-5	4.055000E-5
1.610000E+2	-4.580000E-5	3.890000E-5
1.610000E+2	-4.570000E-5	4.050000E-5
1.610000E+2	-4.620000E-5	4.050000E-5
1.610000E+2	-4.630000E-5	4.055000E-5
1.620000E+2	-4.430000E-5	4.045000E-5
1.620000E+2	-4.320000E-5	3.895000E-5
1.620000E+2	-4.440000E-5	3.780000E-5
1.620000E+2	-4.330000E-5	3.875000E-5
1.620000E+2	-4.445000E-5	3.870000E-5
1.620000E+2	-4.355000E-5	3.900000E-5
1.620000E+2	-4.305000E-5	3.790000E-5
1.620000E+2	-4.350000E-5	3.820000E-5
1.620000E+2	-4.350000E-5	3.840000E-5
1.620000E+2	-4.350000E-5	3.790000E-5
1.620000E+2	-4.345000E-5	3.825000E-5
1.620000E+2	-4.370000E-5	3.830000E-5
1.620000E+2	-4.370000E-5	3.855000E-5
1.620000E+2	-4.345000E-5	3.840000E-5
1.620000E+2	-4.320000E-5	3.850000E-5
1.620000E+2	-4.405000E-5	3.880000E-5
1.620000E+2	-4.390000E-5	3.845000E-5
1.620000E+2	-4.355000E-5	3.850000E-5
1.620000E+2	-4.375000E-5	3.855000E-5
1.620000E+2	-4.405000E-5	3.825000E-5
1.630000E+2	-4.195000E-5	3.715000E-5
1.630000E+2	-4.220000E-5	3.450000E-5
1.630000E+2	-4.320000E-5	3.500000E-5
1.630000E+2	-4.365000E-5	3.475000E-5
1.630000E+2	-4.365000E-5	3.430000E-5
1.630000E+2	-4.425000E-5	3.470000E-5
1.630000E+2	-4.350000E-5	3.550000E-5
1.630000E+2	-4.315000E-5	3.520000E-5
1.630000E+2	-4.370000E-5	3.575000E-5
1.630000E+2	-4.345000E-5	3.625000E-5
1.630000E+2	-4.295000E-5	3.575000E-5
1.630000E+2	-4.320000E-5	3.480000E-5
1.630000E+2	-4.325000E-5	3.490000E-5
1.630000E+2	-4.305000E-5	3.555000E-5
1.630000E+2	-4.280000E-5	3.530000E-5
1.630000E+2	-4.330000E-5	3.500000E-5
1.630000E+2	-4.350000E-5	3.540000E-5
1.630000E+2	-4.325000E-5	3.515000E-5
1.630000E+2	-4.355000E-5	3.540000E-5
1.630000E+2	-4.380000E-5	3.515000E-5
1.640000E+2	-4.230000E-5	3.575000E-5
1.640000E+2	-4.170000E-5	3.440000E-5
1.640000E+2	-4.175000E-5	3.355000E-5
1.640000E+2	-4.075000E-5	3.420000E-5
1.640000E+2	-4.155000E-5	3.395000E-5
1.640000E+2	-4.180000E-5	3.320000E-5
1.640000E+2	-4.130000E-5	3.355000E-5
1.640000E+2	-4.145000E-5	3.400000E-5
1.640000E+2	-4.180000E-5	3.375000E-5
1.640000E+2	-4.165000E-5	3.405000E-5
1.640000E+2	-4.165000E-5	3.365000E-5
1.640000E+2	-4.155000E-5	3.315000E-5
1.640000E+2	-4.170000E-5	3.430000E-5
1.640000E+2	-4.125000E-5	3.380000E-5
1.640000E+2	-4.120000E-5	3.340000E-5
1.640000E+2	-4.115000E-5	3.365000E-5
1.640000E+2	-4.145000E-5	3.355000E-5
1.640000E+2	-4.180000E-5	3.395000E-5
1.640000E+2	-4.065000E-5	3.375000E-5
1.640000E+2	-4.215000E-5	3.380000E-5
1.650000E+2	-3.995000E-5	3.330000E-5
1.650000E+2	-4.000000E-5	3.200000E-5
1.650000E+2	-4.020000E-5	3.250000E-5
1.650000E+2	-3.975000E-5	3.185000E-5
1.650000E+2	-4.015000E-5	3.240000E-5
1.650000E+2	-3.940000E-5	3.205000E-5
1.650000E+2	-4.055000E-5	3.100000E-5
1.650000E+2	-4.070000E-5	3.190000E-5
1.650000E+2	-4.065000E-5	3.225000E-5
1.650000E+2	-4.020000E-5	3.155000E-5
1.650000E+2	-3.995000E-5	3.190000E-5
1.650000E+2	-3.915000E-5	3.170000E-5
1.650000E+2	-4.050000E-5	3.190000E-5
1.650000E+2	-4.000000E-5	3.120000E-5
1.650000E+2	-4.030000E-5	3.200000E-5
1.650000E+2	-4.095000E-5	3.195000E-5
1.650000E+2	-3.995000E-5	3.215000E-5
1.650000E+2	-3.955000E-5	3.180000E-5
1.650000E+2	-3.970000E-5	3.225000E-5
1.650000E+2	-4.095000E-5	3.205000E-5
1.660000E+2	-3.915000E-5	3.170000E-5
1.660000E+2	-3.805000E-5	3.075000E-5
1.660000E+2	-3.820000E-5	3.080000E-5
1.660000E+2	-3.820000E-5	3.005000E-5
1.660000E+2	-3.845000E-5	3.120000E-5
1.660000E+2	-3.820000E-5	3.070000E-5
1.660000E+2	-3.800000E-5	3.025000E-5
1.660000E+2	-3.825000E-5	3.075000E-5
1.660000E+2	-3.855000E-5	3.070000E-5
1.660000E+2	-3.805000E-5	3.045000E-5
1.660000E+2	-3.845000E-5	3.080000E-5
1.660000E+2	-3.840000E-5	3.070000E-5
1.660000E+2	-3.820000E-5	3.070000E-5
1.660000E+2	-3.770000E-5	3.045000E-5
1.660000E+2	-3.845000E-5	2.955000E-5
1.660000E+2	-3.850000E-5	3.025000E-5
1.660000E+2	-3.930000E-5	3.030000E-5
1.660000E+2	-3.820000E-5	3.080000E-5
1.660000E+2	-3.895000E-5	3.035000E-5
1.660000E+2	-3.850000E-5	3.045000E-5
1.670000E+2	-3.750000E-5	3.020000E-5
1.670000E+2	-3.805000E-5	2.835000E-5
1.670000E+2	-3.720000E-5	2.785000E-5
1.670000E+2	-3.740000E-5	2.920000E-5
1.670000E+2	-3.745000E-5	2.935000E-5
1.670000E+2	-3.680000E-5	2.745000E-5
1.670000E+2	-3.755000E-5	2.900000E-5
1.670000E+2	-3.855000E-5	2.895000E-5
1.670000E+2	-3.795000E-5	2.855000E-5
1.670000E+2	-3.725000E-5	2.845000E-5
1.670000E+2	-4.120000E-5	2.945000E-5
1.670000E+2	-3.615000E-5	2.830000E-5
1.670000E+2	-3.830000E-5	2.630000E-5
1.670000E+2	-3.805000E-5	2.810000E-5
1.670000E+2	-3.740000E-5	2.855000E-5
1.670000E+2	-3.600000E-5	2.910000E-5
1.670000E+2	-3.720000E-5	2.805000E-5
1.670000E+2	-4.020000E-5	2.900000E-5
1.670000E+2	-3.775000E-5	2.850000E-5
1.670000E+2	-3.755000E-5	2.850000E-5
1.680000E+2	-3.595000E-5	2.855000E-5
1.680000E+2	-3.565000E-5	2.770000E-5
1.680000E+2	-3.730000E-5	2.755000E-5
1.680000E+2	-3.645000E-5	2.605000E-5
1.680000E+2	-3.795000E-5	2.720000E-5
1.680000E+2	-4.255000E-5	5.960000E-5
1.680000E+2	-4.120000E-5	2.710000E-5
1.680000E+2	-3.650000E-5	2.705000E-5
1.680000E+2	-3.720000E-5	2.905000E-5
1.680000E+2	-3.225000E-5	2.695000E-5
1.680000E+2	-3.575000E-5	2.660000E-5
1.680000E+2	-3.645000E-5	2.820000E-5
1.680000E+2	-3.580000E-5	2.795000E-5
1.680000E+2	-3.185000E-5	3.245000E-5
1.680000E+2	-3.590000E-5	2.860000E-5
1.680000E+2	-3.890000E-5	2.750000E-5
1.680000E+2	-3.795000E-5	2.670000E-5
1.680000E+2	-3.845000E-5	2.620000E-5
1.680000E+2	-3.720000E-5	3.045000E-5
1.680000E+2	-3.670000E-5	2.985000E-5
1.690000E+2	-3.470000E-5	3.010000E-5
1.690000E+2	-3.265000E-5	2.545000E-5
1.690000E+2	-3.470000E-5	2.545000E-5
1.690000E+2	-3.505000E-5	2.635000E-5
1.690000E+2	-3.455000E-5	2.645000E-5
1.690000E+2	-3.430000E-5	2.645000E-5
1.690000E+2	-3.540000E-5	2.705000E-5
1.690000E+2	-3.470000E-5	2.745000E-5
1.690000E+2	-2.670000E-5	1.300000E-5
1.690000E+2	-3.500000E-5	2.670000E-5
1.690000E+2	-3.645000E-5	2.635000E-5
1.690000E+2	-3.530000E-5	2.660000E-5
1.690000E+2	-3.470000E-5	2.625000E-5
1.690000E+2	-3.400000E-5	2.730000E-5
1.690000E+2	-3.240000E-5	2.675000E-5
1.690000E+2	-3.425000E-5	2.420000E-5
1.690000E+2	-3.330000E-5	2.630000E-5
1.690000E+2	-3.415000E-5	2.530000E-5
1.690000E+2	-3.470000E-5	2.555000E-5
1.690000E+2	-3.515000E-5	2.650000E-5
1.700000E+2	-3.340000E-5	2.520000E-5
1.700000E+2	-3.415000E-5	2.520000E-5
1.700000E+2	-3.355000E-5	2.555000E-5
1.700000E+2	-3.295000E-5	2.450000E-5
1.700000E+2	-3.305000E-5	2.430000E-5
1.700000E+2	-3.330000E-5	2.510000E-5
1.700000E+2	-3.445000E-5	2.560000E-5
1.700000E+2	-3.320000E-5	2.585000E-5
1.700000E+2	-3.305000E-5	2.545000E-5
1.700000E+2	-3.275000E-5	2.450000E-5
1.700000E+2	-3.325000E-5	2.545000E-5
1.700000E+2	-3.405000E-5	2.480000E-5
1.700000E+2	-3.380000E-5	2.610000E-5
1.700000E+2	-3.370000E-5	2.530000E-5
1.700000E+2	-3.295000E-5	2.280000E-5
1.700000E+2	-3.320000E-5	2.925000E-5
1.700000E+2	-3.320000E-5	2.455000E-5
1.700000E+2	-3.405000E-5	2.520000E-5
1.700000E+2	-3.455000E-5	2.480000E-5
1.700000E+2	-3.495000E-5	2.605000E-5
1.710000E+2	-3.355000E-5	2.535000E-5
1.710000E+2	-3.405000E-5	2.470000E-5
1.710000E+2	-3.455000E-5	2.395000E-5
1.710000E+2	-3.415000E-5	2.420000E-5
1.710000E+2	-3.365000E-5	2.425000E-5
1.710000E+2	-3.265000E-5	2.430000E-5
1.710000E+2	-3.245000E-5	2.410000E-5
1.710000E+2	-3.180000E-5	2.380000E-5
1.710000E+2	-3.195000E-5	2.350000E-5
1.710000E+2	-3.180000E-5	2.210000E-5
1.710000E+2	-3.300000E-5	2.260000E-5
1.710000E+2	-3.330000E-5	2.345000E-5
1.710000E+2	-3.390000E-5	2.435000E-5
1.710000E+2	-3.305000E-5	2.430000E-5
1.710000E+2	-3.150000E-5	2.425000E-5
1.710000E+2	-3.245000E-5	2.225000E-5
1.710000E+2	-3.300000E-5	2.330000E-5
1.710000E+2	-3.465000E-5	2.385000E-5
1.710000E+2	-3.330000E-5	2.495000E-5
1.710000E+2	-3.215000E-5	2.250000E-5
1.720000E+2	-3.265000E-5	2.380000E-5
1.720000E+2	-3.330000E-5	2.450000E-5
1.720000E+2	-3.205000E-5	2.430000E-5
1.720000E+2	-3.035000E-5	2.205000E-5
1.720000E+2	-3.085000E-5	2.100000E-5
1.720000E+2	-3.300000E-5	2.270000E-5
1.720000E+2	-3.355000E-5	2.445000E-5
1.720000E+2	-3.185000E-5	2.480000E-5
1.720000E+2	-3.025000E-5	2.330000E-5
1.720000E+2	-3.025000E-5	2.175000E-5
1.720000E+2	-3.155000E-5	2.035000E-5
1.720000E+2	-3.230000E-5	2.120000E-5
1.720000E+2	-3.345000E-5	2.305000E-5
1.720000E+2	-3.415000E-5	2.405000E-5
1.720000E+2	-3.205000E-5	2.445000E-5
1.720000E+2	-3.195000E-5	2.460000E-5
1.720000E+2	-3.060000E-5	2.270000E-5
1.720000E+2	-3.055000E-5	2.145000E-5
1.720000E+2	-3.125000E-5	2.080000E-5
1.720000E+2	-3.175000E-5	2.070000E-5
1.730000E+2	-2.550000E-5	1.935000E-5
1.730000E+2	-2.860000E-5	1.820000E-5
1.730000E+2	-3.075000E-5	1.770000E-5
1.730000E+2	-3.085000E-5	1.780000E-5
1.730000E+2	-3.160000E-5	1.760000E-5
1.730000E+2	-3.120000E-5	1.670000E-5
1.730000E+2	-3.135000E-5	1.755000E-5
1.730000E+2	-3.195000E-5	1.770000E-5
1.730000E+2	-3.110000E-5	1.625000E-5
1.730000E+2	-3.150000E-5	1.745000E-5
1.730000E+2	-3.125000E-5	1.695000E-5
1.730000E+2	-3.070000E-5	1.770000E-5
1.730000E+2	-2.980000E-5	1.710000E-5
1.730000E+2	-2.920000E-5	1.845000E-5
1.730000E+2	-2.985000E-5	1.795000E-5
1.730000E+2	-2.920000E-5	1.870000E-5
1.730000E+2	-2.935000E-5	1.900000E-5
1.730000E+2	-2.750000E-5	1.920000E-5
1.730000E+2	-2.750000E-5	2.000000E-5
1.730000E+2	-2.705000E-5	2.010000E-5
1.740000E+2	-3.745000E-5	2.250000E-5
1.740000E+2	-4.040000E-5	1.620000E-5
1.740000E+2	-3.975000E-5	1.190000E-5
1.740000E+2	-3.655000E-5	8.000000E-6
1.740000E+2	-3.780000E-5	9.850000E-6
1.740000E+2	-3.280000E-5	9.000000E-6
1.740000E+2	-3.230000E-5	8.850000E-6
1.740000E+2	-3.505000E-5	9.850000E-6
1.740000E+2	-3.695000E-5	9.250000E-6
1.740000E+2	-3.550000E-5	1.310000E-5
1.740000E+2	-3.955000E-5	1.540000E-5
1.740000E+2	-4.280000E-5	2.025000E-5
1.740000E+2	-4.290000E-5	2.520000E-5
1.740000E+2	-4.105000E-5	2.910000E-5
1.740000E+2	-3.700000E-5	3.120000E-5
1.740000E+2	-3.330000E-5	3.290000E-5
1.740000E+2	-2.900000E-5	3.265000E-5
1.740000E+2	-2.505000E-5	2.880000E-5
1.740000E+2	-2.120000E-5	2.130000E-5
1.740000E+2	-1.960000E-5	1.535000E-5
1.750000E+2	-5.100000E-5	3.545000E-5
1.750000E+2	-9.080000E-5	7.015000E-5
1.750000E+2	-6.050000E-5	8.850000E-5
1.750000E+2	-1.895000E-5	8.355000E-5
1.750000E+2	1.875000E-5	5.495000E-5
1.750000E+2	3.970000E-5	1.265000E-5
1.750000E+2	3.645000E-5	-2.735000E-5
1.750000E+2	3.550000E-6	-4.885000E-5
1.750000E+2	-4.445000E-5	-3.840000E-5
1.750000E+2	-8.640000E-5	3.150000E-6
1.750000E+2	-9.775000E-5	4.920000E-5
1.750000E+2	-7.585000E-5	8.325000E-5
1.750000E+2	-3.050000E-5	8.275000E-5
1.750000E+2	1.805000E-5	5.020000E-5
1.750000E+2	3.830000E-5	-2.300000E-6
1.750000E+2	2.210000E-5	-4.205000E-5
1.750000E+2	-2.685000E-5	-4.600000E-5
1.750000E+2	-7.710000E-5	1.780000E-5
1.750000E+2	-1.047000E-4	4.145000E-5
1.750000E+2	-8.540000E-5	7.970000E-5
1.760000E+2	-4.815000E-5	4.390000E-5
1.760000E+2	-2.560000E-5	3.070000E-5
1.760000E+2	-2.095000E-5	2.735000E-5
1.760000E+2	-1.860000E-5	2.325000E-5
1.760000E+2	-1.695000E-5	2.085000E-5
1.760000E+2	-1.720000E-5	1.845000E-5
1.760000E+2	-1.750000E-5	1.770000E-5
1.760000E+2	-1.785000E-5	1.675000E-5
1.760000E+2	-1.785000E-5	1.700000E-5
1.760000E+2	-1.835000E-5	1.780000E-5
1.760000E+2	-1.855000E-5	1.745000E-5
1.760000E+2	-1.875000E-5	1.950000E-5
1.760000E+2	-1.950000E-5	2.195000E-5
1.760000E+2	-1.975000E-5	2.330000E-5
1.760000E+2	-2.170000E-5	2.430000E-5
1.760000E+2	-2.220000E-5	2.635000E-5
1.760000E+2	-2.335000E-5	2.775000E-5
1.760000E+2	-2.425000E-5	2.885000E-5
1.760000E+2	-2.475000E-5	2.875000E-5
1.760000E+2	-2.500000E-5	2.755000E-5
1.770000E+2	-3.120000E-5	1.760000E-5
1.770000E+2	-2.525000E-5	1.800000E-5
1.770000E+2	-2.435000E-5	1.820000E-5
1.770000E+2	-2.480000E-5	1.875000E-5
1.770000E+2	-2.555000E-5	1.875000E-5
1.770000E+2	-2.485000E-5	2.005000E-5
1.770000E+2	-2.505000E-5	1.960000E-5
1.770000E+2	-2.460000E-5	1.980000E-5
1.770000E+2	-2.500000E-5	1.945000E-5
1.770000E+2	-2.475000E-5	2.005000E-5
1.770000E+2	-2.495000E-5	2.005000E-5
1.770000E+2	-2.550000E-5	1.985000E-5
1.770000E+2	-2.535000E-5	2.160000E-5
1.770000E+2	-2.635000E-5	2.185000E-5
1.770000E+2	-2.680000E-5	2.200000E-5
1.770000E+2	-2.835000E-5	2.135000E-5
1.770000E+2	-2.930000E-5	2.195000E-5
1.770000E+2	-2.935000E-5	2.155000E-5
1.770000E+2	-2.935000E-5	2.100000E-5
1.770000E+2	-2.960000E-5	2.120000E-5
1.780000E+2	-3.035000E-5	1.775000E-5
1.780000E+2	-2.895000E-5	1.685000E-5
1.780000E+2	-2.900000E-5	1.660000E-5
1.780000E+2	-2.825000E-5	1.745000E-5
1.780000E+2	-2.870000E-5	1.645000E-5
1.780000E+2	-2.800000E-5	1.610000E-5
1.780000E+2	-2.710000E-5	1.675000E-5
1.780000E+2	-2.610000E-5	1.720000E-5
1.780000E+2	-2.475000E-5	1.750000E-5
1.780000E+2	-2.620000E-5	1.875000E-5
1.780000E+2	-2.675000E-5	1.880000E-5
1.780000E+2	-2.775000E-5	1.880000E-5
1.780000E+2	-2.860000E-5	1.800000E-5
1.780000E+2	-2.835000E-5	1.645000E-5
1.780000E+2	-2.785000E-5	1.610000E-5
1.780000E+2	-2.675000E-5	1.705000E-5
1.780000E+2	-2.535000E-5	1.880000E-5
1.780000E+2	-2.655000E-5	1.955000E-5
1.780000E+2	-2.875000E-5	1.845000E-5
1.780000E+2	-2.955000E-5	1.730000E-5
1.790000E+2	-2.575000E-5	1.900000E-5
1.790000E+2	-2.685000E-5	1.735000E-5
1.790000E+2	-2.795000E-5	1.685000E-5
1.790000E+2	-2.635000E-5	1.655000E-5
1.790000E+2	-2.525000E-5	1.705000E-5
1.790000E+2	-2.530000E-5	1.825000E-5
1.790000E+2	-2.625000E-5	1.870000E-5
1.790000E+2	-2.750000E-5	1.685000E-5
1.790000E+2	-2.725000E-5	1.605000E-5
1.790000E+2	-2.610000E-5	1.635000E-5
1.790000E+2	-2.550000E-5	1.785000E-5
1.790000E+2	-2.670000E-5	1.795000E-5
1.790000E+2	-2.730000E-5	1.685000E-5
1.790000E+2	-2.650000E-5	1.620000E-5
1.790000E+2	-2.550000E-5	1.780000E-5
1.790000E+2	-2.610000E-5	1.855000E-5
1.790000E+2	-2.750000E-5	1.745000E-5
1.790000E+2	-2.745000E-5	1.610000E-5
1.790000E+2	-2.550000E-5	1.730000E-5
1.790000E+2	-2.575000E-5	1.795000E-5
1.800000E+2	-2.580000E-5	1.735000E-5
1.800000E+2	-2.595000E-5	1.670000E-5
1.800000E+2	-2.555000E-5	1.645000E-5
1.800000E+2	-2.535000E-5	1.680000E-5
1.800000E+2	-2.535000E-5	1.680000E-5
1.800000E+2	-2.575000E-5	1.695000E-5
1.800000E+2	-2.610000E-5	1.645000E-5
1.800000E+2	-2.605000E-5	1.600000E-5
1.800000E+2	-2.575000E-5	1.600000E-5
1.800000E+2	-2.520000E-5	1.720000E-5
1.800000E+2	-2.525000E-5	1.695000E-5
1.800000E+2	-2.530000E-5	1.720000E-5
1.800000E+2	-2.575000E-5	1.735000E-5
1.800000E+2	-2.575000E-5	1.655000E-5
1.800000E+2	-2.600000E-5	1.600000E-5
1.800000E+2	-2.555000E-5	1.625000E-5
1.800000E+2	-2.525000E-5	1.655000E-5
1.800000E+2	-2.530000E-5	1.675000E-5
1.800000E+2	-2.525000E-5	1.710000E-5
1.800000E+2	-2.625000E-5	1.695000E-5
1.810000E+2	-2.425000E-5	1.705000E-5
1.810000E+2	-2.545000E-5	1.670000E-5
1.810000E+2	-2.570000E-5	1.560000E-5
1.810000E+2	-2.600000E-5	1.575000E-5
1.810000E+2	-2.525000E-5	1.585000E-5
1.810000E+2	-2.495000E-5	1.605000E-5
1.810000E+2	-2.505000E-5	1.605000E-5
1.810000E+2	-2.535000E-5	1.590000E-5
1.810000E+2	-2.650000E-5	1.585000E-5
1.810000E+2	-2.510000E-5	1.620000E-5
1.810000E+2	-2.485000E-5	1.595000E-5
1.810000E+2	-2.495000E-5	1.635000E-5
1.810000E+2	-2.500000E-5	1.605000E-5
1.810000E+2	-2.535000E-5	1.575000E-5
1.810000E+2	-2.510000E-5	1.575000E-5
1.810000E+2	-2.455000E-5	1.600000E-5
1.810000E+2	-2.500000E-5	1.620000E-5
1.810000E+2	-2.510000E-5	1.610000E-5
1.810000E+2	-2.545000E-5	1.585000E-5
1.810000E+2	-2.585000E-5	1.485000E-5
1.820000E+2	-2.445000E-5	1.630000E-5
1.820000E+2	-2.550000E-5	1.450000E-5
1.820000E+2	-2.485000E-5	1.475000E-5
1.820000E+2	-2.410000E-5	1.530000E-5
1.820000E+2	-2.485000E-5	1.490000E-5
1.820000E+2	-2.530000E-5	1.490000E-5
1.820000E+2	-2.500000E-5	1.360000E-5
1.820000E+2	-2.480000E-5	1.590000E-5
1.820000E+2	-1.980000E-5	1.425000E-5
1.820000E+2	-2.450000E-5	1.525000E-5
1.820000E+2	-2.455000E-5	1.530000E-5
1.820000E+2	-2.460000E-5	1.525000E-5
1.820000E+2	-2.510000E-5	1.465000E-5
1.820000E+2	-2.525000E-5	1.485000E-5
1.820000E+2	-2.485000E-5	1.515000E-5
1.820000E+2	-2.560000E-5	1.465000E-5
1.820000E+2	-2.400000E-5	1.455000E-5
1.820000E+2	-2.510000E-5	1.555000E-5
1.820000E+2	-2.560000E-5	1.500000E-5
1.820000E+2	-2.480000E-5	1.465000E-5
1.830000E+2	-2.450000E-5	1.585000E-5
1.830000E+2	-2.335000E-5	1.480000E-5
1.830000E+2	-2.335000E-5	1.560000E-5
1.830000E+2	-2.400000E-5	1.510000E-5
1.830000E+2	-2.355000E-5	1.460000E-5
1.830000E+2	-2.280000E-5	1.525000E-5
1.830000E+2	-2.380000E-5	1.480000E-5
1.830000E+2	-2.285000E-5	1.535000E-5
1.830000E+2	-2.355000E-5	1.525000E-5
1.830000E+2	-2.360000E-5	1.550000E-5
1.830000E+2	-2.400000E-5	1.530000E-5
1.830000E+2	-2.385000E-5	1.590000E-5
1.830000E+2	-2.380000E-5	1.515000E-5
1.830000E+2	-2.410000E-5	1.485000E-5
1.830000E+2	-2.350000E-5	1.510000E-5
1.830000E+2	-2.385000E-5	1.500000E-5
1.830000E+2	-2.410000E-5	1.415000E-5
1.830000E+2	-2.310000E-5	1.405000E-5
1.830000E+2	-2.335000E-5	1.485000E-5
1.830000E+2	-2.400000E-5	1.525000E-5
1.840000E+2	-2.320000E-5	1.585000E-5
1.840000E+2	-2.350000E-5	1.475000E-5
1.840000E+2	-2.305000E-5	1.455000E-5
1.840000E+2	-2.325000E-5	1.430000E-5
1.840000E+2	-2.285000E-5	1.435000E-5
1.840000E+2	-2.330000E-5	1.465000E-5
1.840000E+2	-2.320000E-5	1.475000E-5
1.840000E+2	-2.305000E-5	1.475000E-5
1.840000E+2	-2.285000E-5	1.475000E-5
1.840000E+2	-2.295000E-5	1.425000E-5
1.840000E+2	-2.350000E-5	1.490000E-5
1.840000E+2	-2.285000E-5	1.480000E-5
1.840000E+2	-2.335000E-5	1.460000E-5
1.840000E+2	-2.280000E-5	1.460000E-5
1.840000E+2	-2.275000E-5	1.510000E-5
1.840000E+2	-2.305000E-5	1.450000E-5
1.840000E+2	-2.300000E-5	1.500000E-5
1.840000E+2	-2.325000E-5	1.500000E-5
1.840000E+2	-2.285000E-5	1.510000E-5
1.840000E+2	-2.360000E-5	1.450000E-5
1.850000E+2	-2.275000E-5	1.460000E-5
1.850000E+2	-2.275000E-5	1.465000E-5
1.850000E+2	-2.275000E-5	1.365000E-5
1.850000E+2	-2.250000E-5	1.390000E-5
1.850000E+2	-2.295000E-5	1.455000E-5
1.850000E+2	-2.260000E-5	1.415000E-5
1.850000E+2	-2.250000E-5	1.410000E-5
1.850000E+2	-2.305000E-5	1.455000E-5
1.850000E+2	-2.300000E-5	1.455000E-5
1.850000E+2	-2.285000E-5	1.450000E-5
1.850000E+2	-2.260000E-5	1.485000E-5
1.850000E+2	-2.275000E-5	1.450000E-5
1.850000E+2	-2.285000E-5	1.430000E-5
1.850000E+2	-2.260000E-5	1.435000E-5
1.850000E+2	-2.260000E-5	1.455000E-5
1.850000E+2	-2.260000E-5	1.400000E-5
1.850000E+2	-2.235000E-5	1.400000E-5
1.850000E+2	-2.285000E-5	1.355000E-5
1.850000E+2	-2.260000E-5	1.405000E-5
1.850000E+2	-2.270000E-5	1.410000E-5
1.860000E+2	-2.230000E-5	1.335000E-5
1.860000E+2	-2.220000E-5	1.410000E-5
1.860000E+2	-2.275000E-5	1.240000E-5
1.860000E+2	-2.220000E-5	1.400000E-5
1.860000E+2	-2.280000E-5	1.290000E-5
1.860000E+2	-2.250000E-5	1.340000E-5
1.860000E+2	-2.205000E-5	1.380000E-5
1.860000E+2	-2.280000E-5	1.240000E-5
1.860000E+2	-2.200000E-5	1.335000E-5
1.860000E+2	-2.260000E-5	1.375000E-5
1.860000E+2	-2.260000E-5	1.335000E-5
1.860000E+2	-2.245000E-5	1.410000E-5
1.860000E+2	-2.350000E-5	1.300000E-5
1.860000E+2	-2.220000E-5	1.335000E-5
1.860000E+2	-2.185000E-5	1.380000E-5
1.860000E+2	-2.335000E-5	1.290000E-5
1.860000E+2	-2.200000E-5	1.340000E-5
1.860000E+2	-2.230000E-5	1.280000E-5
1.860000E+2	-2.225000E-5	1.375000E-5
1.860000E+2	-2.235000E-5	1.360000E-5
1.870000E+2	-2.185000E-5	1.390000E-5
1.870000E+2	-2.230000E-5	1.315000E-5
1.870000E+2	-2.185000E-5	1.315000E-5
1.870000E+2	-2.170000E-5	1.310000E-5
1.870000E+2	-2.150000E-5	1.360000E-5
1.870000E+2	-2.175000E-5	1.335000E-5
1.870000E+2	-2.210000E-5	1.350000E-5
1.870000E+2	-2.200000E-5	1.350000E-5
1.870000E+2	-2.160000E-5	1.280000E-5
1.870000E+2	-2.175000E-5	1.335000E-5
1.870000E+2	-2.175000E-5	1.275000E-5
1.870000E+2	-2.195000E-5	1.250000E-5
1.870000E+2	-2.175000E-5	1.265000E-5
1.870000E+2	-2.235000E-5	1.305000E-5
1.870000E+2	-2.150000E-5	1.275000E-5
1.870000E+2	-2.135000E-5	1.300000E-5
1.870000E+2	-2.185000E-5	1.335000E-5
1.870000E+2	-2.170000E-5	1.340000E-5
1.870000E+2	-2.160000E-5	1.340000E-5
1.870000E+2	-2.160000E-5	1.325000E-5
1.880000E+2	-2.150000E-5	1.410000E-5
1.880000E+2	-2.160000E-5	1.260000E-5
1.880000E+2	-2.130000E-5	1.290000E-5
1.880000E+2	-2.125000E-5	1.235000E-5
1.880000E+2	-2.135000E-5	1.290000E-5
1.880000E+2	-2.125000E-5	1.310000E-5
1.880000E+2	-2.155000E-5	1.275000E-5
1.880000E+2	-2.105000E-5	1.290000E-5
1.880000E+2	-2.120000E-5	1.315000E-5
1.880000E+2	-2.150000E-5	1.260000E-5
1.880000E+2	-2.130000E-5	1.235000E-5
1.880000E+2	-2.175000E-5	1.280000E-5
1.880000E+2	-2.210000E-5	1.280000E-5
1.880000E+2	-2.120000E-5	1.325000E-5
1.880000E+2	-2.120000E-5	1.330000E-5
1.880000E+2	-2.170000E-5	1.285000E-5
1.880000E+2	-2.060000E-5	1.330000E-5
1.880000E+2	-2.125000E-5	1.285000E-5
1.880000E+2	-2.160000E-5	1.275000E-5
1.880000E+2	-2.145000E-5	1.290000E-5
1.890000E+2	-2.110000E-5	1.430000E-5
1.890000E+2	-2.060000E-5	1.225000E-5
1.890000E+2	-2.045000E-5	1.300000E-5
1.890000E+2	-2.075000E-5	1.240000E-5
1.890000E+2	-2.050000E-5	1.285000E-5
1.890000E+2	-2.035000E-5	1.275000E-5
1.890000E+2	-2.075000E-5	1.260000E-5
1.890000E+2	-2.085000E-5	1.240000E-5
1.890000E+2	-2.100000E-5	1.325000E-5
1.890000E+2	-2.120000E-5	1.275000E-5
1.890000E+2	-2.095000E-5	1.215000E-5
1.890000E+2	-2.055000E-5	1.285000E-5
1.890000E+2	-2.045000E-5	1.255000E-5
1.890000E+2	-2.125000E-5	1.235000E-5
1.890000E+2	-2.110000E-5	1.285000E-5
1.890000E+2	-2.100000E-5	1.265000E-5
1.890000E+2	-2.100000E-5	1.235000E-5
1.890000E+2	-2.050000E-5	1.225000E-5
1.890000E+2	-2.010000E-5	1.225000E-5
1.890000E+2	-2.080000E-5	1.190000E-5
1.900000E+2	-2.025000E-5	1.400000E-5
1.900000E+2	-2.050000E-5	1.285000E-5
1.900000E+2	-2.010000E-5	1.250000E-5
1.900000E+2	-2.005000E-5	1.215000E-5
1.900000E+2	-2.025000E-5	1.240000E-5
1.900000E+2	-2.025000E-5	1.240000E-5
1.900000E+2	-1.975000E-5	1.215000E-5
1.900000E+2	-1.975000E-5	1.225000E-5
1.900000E+2	-1.985000E-5	1.240000E-5
1.900000E+2	-1.970000E-5	1.205000E-5
1.900000E+2	-2.025000E-5	1.240000E-5
1.900000E+2	-2.060000E-5	1.255000E-5
1.900000E+2	-2.045000E-5	1.260000E-5
1.900000E+2	-2.030000E-5	1.210000E-5
1.900000E+2	-2.045000E-5	1.265000E-5
1.900000E+2	-1.960000E-5	1.210000E-5
1.900000E+2	-2.000000E-5	1.310000E-5
1.900000E+2	-2.050000E-5	1.235000E-5
1.900000E+2	-2.045000E-5	1.265000E-5
1.900000E+2	-1.985000E-5	1.240000E-5
1.910000E+2	-1.920000E-5	1.350000E-5
1.910000E+2	-2.025000E-5	1.205000E-5
1.910000E+2	-2.050000E-5	1.175000E-5
1.910000E+2	-2.025000E-5	1.200000E-5
1.910000E+2	-2.020000E-5	1.215000E-5
1.910000E+2	-2.025000E-5	1.165000E-5
1.910000E+2	-1.995000E-5	1.205000E-5
1.910000E+2	-2.025000E-5	1.155000E-5
1.910000E+2	-2.010000E-5	1.160000E-5
1.910000E+2	-2.075000E-5	1.275000E-5
1.910000E+2	-2.050000E-5	1.185000E-5
1.910000E+2	-2.000000E-5	1.165000E-5
1.910000E+2	-2.020000E-5	1.110000E-5
1.910000E+2	-2.025000E-5	1.090000E-5
1.910000E+2	-2.010000E-5	1.190000E-5
1.910000E+2	-1.985000E-5	1.185000E-5
1.910000E+2	-2.035000E-5	1.150000E-5
1.910000E+2	-2.030000E-5	1.140000E-5
1.910000E+2	-2.075000E-5	1.100000E-5
1.910000E+2	-2.075000E-5	1.160000E-5
1.920000E+2	-1.950000E-5	1.135000E-5
1.920000E+2	-1.985000E-5	1.155000E-5
1.920000E+2	-1.955000E-5	1.185000E-5
1.920000E+2	-1.985000E-5	1.180000E-5
1.920000E+2	-2.000000E-5	1.085000E-5
1.920000E+2	-2.000000E-5	1.125000E-5
1.920000E+2	-2.010000E-5	1.160000E-5
1.920000E+2	-1.960000E-5	1.225000E-5
1.920000E+2	-1.985000E-5	1.180000E-5
1.920000E+2	-1.950000E-5	1.100000E-5
1.920000E+2	-1.900000E-5	1.205000E-5
1.920000E+2	-2.010000E-5	1.110000E-5
1.920000E+2	-2.050000E-5	1.060000E-5
1.920000E+2	-1.950000E-5	1.135000E-5
1.920000E+2	-1.950000E-5	1.150000E-5
1.920000E+2	-2.000000E-5	1.130000E-5
1.920000E+2	-2.035000E-5	1.060000E-5
1.920000E+2	-1.970000E-5	1.205000E-5
1.920000E+2	-2.000000E-5	1.185000E-5
1.920000E+2	-1.985000E-5	1.065000E-5
1.930000E+2	-1.875000E-5	1.150000E-5
1.930000E+2	-1.910000E-5	1.125000E-5
1.930000E+2	-2.005000E-5	1.025000E-5
1.930000E+2	-1.845000E-5	1.130000E-5
1.930000E+2	-2.095000E-5	1.125000E-5
1.930000E+2	-1.955000E-5	1.150000E-5
1.930000E+2	-1.985000E-5	1.150000E-5
1.930000E+2	-1.935000E-5	1.175000E-5
1.930000E+2	-1.975000E-5	1.090000E-5
1.930000E+2	-1.925000E-5	1.035000E-5
1.930000E+2	-1.950000E-5	1.005000E-5
1.930000E+2	-1.975000E-5	1.135000E-5
1.930000E+2	-1.995000E-5	1.085000E-5
1.930000E+2	-1.905000E-5	1.125000E-5
1.930000E+2	-1.850000E-5	1.140000E-5
1.930000E+2	-1.985000E-5	1.075000E-5
1.930000E+2	-2.010000E-5	1.140000E-5
1.930000E+2	-1.945000E-5	1.135000E-5
1.930000E+2	-2.010000E-5	1.250000E-5
1.930000E+2	-1.895000E-5	1.090000E-5
1.940000E+2	-1.870000E-5	1.165000E-5
1.940000E+2	-1.860000E-5	1.055000E-5
1.940000E+2	-1.880000E-5	1.080000E-5
1.940000E+2	-1.925000E-5	1.065000E-5
1.940000E+2	-1.930000E-5	1.065000E-5
1.940000E+2	-1.875000E-5	1.100000E-5
1.940000E+2	-1.975000E-5	1.040000E-5
1.940000E+2	-1.910000E-5	1.035000E-5
1.940000E+2	-1.885000E-5	1.065000E-5
1.940000E+2	-1.825000E-5	1.060000E-5
1.940000E+2	-1.855000E-5	1.075000E-5
1.940000E+2	-1.875000E-5	1.140000E-5
1.940000E+2	-1.895000E-5	1.105000E-5
1.940000E+2	-1.885000E-5	1.110000E-5
1.940000E+2	-1.875000E-5	1.080000E-5
1.940000E+2	-1.875000E-5	1.130000E-5
1.940000E+2	-1.910000E-5	1.015000E-5
1.940000E+2	-1.910000E-5	1.055000E-5
1.940000E+2	-1.875000E-5	1.110000E-5
1.940000E+2	-1.860000E-5	1.085000E-5
1.950000E+2	-1.900000E-5	1.115000E-5
1.950000E+2	-1.845000E-5	1.075000E-5
1.950000E+2	-1.870000E-5	1.085000E-5
1.950000E+2	-1.850000E-5	1.060000E-5
1.950000E+2	-1.775000E-5	1.140000E-5
1.950000E+2	-1.860000E-5	1.140000E-5
1.950000E+2	-1.860000E-5	1.085000E-5
1.950000E+2	-1.835000E-5	1.085000E-5
1.950000E+2	-1.925000E-5	1.115000E-5
1.950000E+2	-1.850000E-5	1.090000E-5
1.950000E+2	-1.885000E-5	1.030000E-5
1.950000E+2	-1.880000E-5	1.050000E-5
1.950000E+2	-1.895000E-5	1.100000E-5
1.950000E+2	-1.900000E-5	1.010000E-5
1.950000E+2	-1.845000E-5	9.850000E-6
1.950000E+2	-1.850000E-5	1.035000E-5
1.950000E+2	-1.845000E-5	9.900000E-6
1.950000E+2	-1.800000E-5	1.015000E-5
1.950000E+2	-1.825000E-5	1.085000E-5
1.950000E+2	-1.860000E-5	1.010000E-5
1.960000E+2	-1.725000E-5	1.000000E-5
1.960000E+2	-1.975000E-5	1.040000E-5
1.960000E+2	-1.875000E-5	9.600000E-6
1.960000E+2	-1.850000E-5	1.060000E-5
1.960000E+2	-1.800000E-5	1.115000E-5
1.960000E+2	-1.735000E-5	9.850000E-6
1.960000E+2	-1.775000E-5	8.850000E-6
1.960000E+2	-1.880000E-5	1.015000E-5
1.960000E+2	-1.875000E-5	1.075000E-5
1.960000E+2	-1.770000E-5	1.010000E-5
1.960000E+2	-1.710000E-5	9.050000E-6
1.960000E+2	-1.850000E-5	1.015000E-5
1.960000E+2	-1.730000E-5	9.050000E-6
1.960000E+2	-1.905000E-5	1.100000E-5
1.960000E+2	-1.785000E-5	9.850000E-6
1.960000E+2	-1.750000E-5	9.750000E-6
1.960000E+2	-1.920000E-5	1.035000E-5
1.960000E+2	-1.925000E-5	1.030000E-5
1.960000E+2	-1.870000E-5	9.300000E-6
1.960000E+2	-1.920000E-5	9.900000E-6
1.970000E+2	-1.950000E-5	1.060000E-5
1.970000E+2	-1.710000E-5	1.155000E-5
1.970000E+2	-1.810000E-5	1.025000E-5
1.970000E+2	-1.655000E-5	1.015000E-5
1.970000E+2	-1.700000E-5	9.650000E-6
1.970000E+2	-1.685000E-5	1.005000E-5
1.970000E+2	-1.925000E-5	1.200000E-5
1.970000E+2	-1.560000E-5	1.005000E-5
1.970000E+2	-1.560000E-5	1.055000E-5
1.970000E+2	-1.805000E-5	9.500000E-6
1.970000E+2	-1.975000E-5	1.150000E-5
1.970000E+2	-1.860000E-5	1.050000E-5
1.970000E+2	-1.800000E-5	1.255000E-5
1.970000E+2	-1.620000E-5	1.165000E-5
1.970000E+2	-1.775000E-5	8.900000E-6
1.970000E+2	-1.700000E-5	9.400000E-6
1.970000E+2	-1.825000E-5	8.250000E-6
1.970000E+2	-2.005000E-5	9.500000E-6
1.970000E+2	-1.875000E-5	1.105000E-5
1.970000E+2	-1.760000E-5	1.160000E-5
1.980000E+2	-1.625000E-5	1.075000E-5
1.980000E+2	-1.685000E-5	9.600000E-6
1.980000E+2	-1.725000E-5	9.350000E-6
1.980000E+2	-1.700000E-5	9.500000E-6
1.980000E+2	-1.650000E-5	9.800000E-6
1.980000E+2	-1.785000E-5	1.000000E-5
1.980000E+2	-1.670000E-5	9.900000E-6
1.980000E+2	-1.620000E-5	9.600000E-6
1.980000E+2	-1.695000E-5	1.075000E-5
1.980000E+2	-1.655000E-5	9.400000E-6
1.980000E+2	-1.795000E-5	9.800000E-6
1.980000E+2	-1.650000E-5	8.850000E-6
1.980000E+2	-1.685000E-5	1.075000E-5
1.980000E+2	-1.685000E-5	1.075000E-5
1.980000E+2	-1.725000E-5	9.900000E-6
1.980000E+2	-1.660000E-5	9.050000E-6
1.980000E+2	-1.695000E-5	9.500000E-6
1.980000E+2	-1.860000E-5	1.210000E-5
1.980000E+2	-1.805000E-5	1.000000E-5
1.980000E+2	-1.710000E-5	9.900000E-6
1.990000E+2	-1.675000E-5	1.180000E-5
1.990000E+2	-1.730000E-5	9.350000E-6
1.990000E+2	-1.780000E-5	9.850000E-6
1.990000E+2	-1.670000E-5	8.750000E-6
1.990000E+2	-1.720000E-5	9.100000E-6
1.990000E+2	-1.650000E-5	9.500000E-6
1.990000E+2	-1.780000E-5	1.015000E-5
1.990000E+2	-1.735000E-5	8.350000E-6
1.990000E+2	-1.700000E-5	8.900000E-6
1.990000E+2	-1.685000E-5	9.500000E-6
1.990000E+2	-1.705000E-5	1.005000E-5
1.990000E+2	-1.735000E-5	8.400000E-6
1.990000E+2	-1.775000E-5	9.600000E-6
1.990000E+2	-1.620000E-5	9.350000E-6
1.990000E+2	-1.670000E-5	9.850000E-6
1.990000E+2	-1.710000E-5	9.600000E-6
1.990000E+2	-1.735000E-5	9.350000E-6
1.990000E+2	-1.725000E-5	8.650000E-6
1.990000E+2	-1.595000E-5	1.000000E-5
1.990000E+2	-1.710000E-5	1.010000E-5
2.000000E+2	-1.595000E-5	1.130000E-5
2.000000E+2	-1.515000E-5	1.190000E-5
2.000000E+2	-1.855000E-5	8.500000E-6
2.000000E+2	-1.700000E-5	8.000000E-6
2.000000E+2	-1.460000E-5	1.085000E-5
2.000000E+2	-1.550000E-5	1.165000E-5
2.000000E+2	-1.745000E-5	1.025000E-5
2.000000E+2	-1.875000E-5	7.850000E-6
2.000000E+2	-1.710000E-5	7.150000E-6
2.000000E+2	-1.430000E-5	9.750000E-6
2.000000E+2	-1.575000E-5	1.155000E-5
2.000000E+2	-1.800000E-5	1.100000E-5
2.000000E+2	-1.885000E-5	7.850000E-6
2.000000E+2	-1.800000E-5	7.350000E-6
2.000000E+2	-1.540000E-5	8.650000E-6
2.000000E+2	-1.430000E-5	1.090000E-5
2.000000E+2	-1.645000E-5	1.185000E-5
2.000000E+2	-1.750000E-5	1.035000E-5
2.000000E+2	-1.925000E-5	7.800000E-6
2.000000E+2	-1.785000E-5	6.600000E-6
